19 232 0.5
0 1
0 3
1 2
1 3
3 4
5 2
5 3
6 1
0 7
8 6
8 2
8 5
4 9
8 10
11 10
11 1
12 0
12 9
12 4
13 2
13 5
13 9
13 11
14 0
14 12
14 10
14 7
15 12
15 8
15 4
15 2
16 2
16 7
16 4
16 9
16 12
16 13
16 15
17 16
2 17
17 9
18 4
18 5
17 8
17 9
17 12
15 8
15 4
15 2
16 2
16 7
16 4
16 9
16 12
16 13
16 15
16 7
16 9
12 10
14 12
11 5
8 4
4 1
0 1
0 3
1 2
1 3
3 4
5 2
5 3
6 1
0 7
8 6
8 2
8 5
4 9
8 10
11 10
11 1
12 0
12 9
12 4
13 2
13 5
13 9
13 11
14 0
14 12
14 10
14 7
15 12
15 8
15 4
15 2
16 2
16 7
16 4
16 9
16 12
16 13
16 15
16 7
16 9
12 10
14 12
11 5
8 4
4 1
0 1
0 3
1 2
1 3
3 4
5 2
5 3
6 1
0 7
8 6
8 2
8 5
4 9
8 10
11 10
11 1
12 0
12 9
12 4
13 2
13 5
13 9
13 11
14 0
14 12
14 10
14 7
15 12
15 8
15 4
15 2
0 1
0 3
1 2
1 3
3 4
5 2
5 3
6 1
0 7
8 6
8 2
8 5
4 9
8 10
11 10
11 1
12 0
12 9
12 4
13 2
13 5
13 9
13 11
14 0
14 12
14 10
14 7
0 1
0 3
1 2
1 3
3 4
5 2
5 3
6 1
0 7
8 6
8 2
8 5
4 9
8 10
11 10
11 1
12 0
12 9
12 4
0 1
0 3
1 2
1 3
3 4
5 2
5 3
6 1
0 7
8 6
8 2
8 5
4 9
8 10
11 10
11 1
0 1
0 3
1 2
1 3
3 4
5 2
5 3
6 1
0 7
8 6
8 2
8 5
0 1
0 3
1 2
1 3
3 4
5 2
5 3
6 1
0 7
0 1
0 3
1 2
1 3
3 4
5 2
5 3
6 1
6 2
3 0