100 344 0.8
0 36
0 45
0 61
0 74
0 76
0 81
1 4
1 29
1 43
1 47
1 62
1 79
1 84
1 86
1 95
2 7
2 25
2 30
2 33
2 77
3 31
3 44
3 68
3 77
3 83
3 87
3 90
4 10
4 13
4 17
4 29
4 66
4 71
4 99
5 7
5 9
5 14
5 21
5 28
5 33
5 40
5 55
5 73
5 83
5 84
5 89
5 90
5 94
6 12
6 36
6 45
6 69
7 14
7 18
7 27
7 30
7 37
7 64
7 74
7 81
7 84
7 88
8 10
8 26
8 28
8 40
8 78
8 80
9 61
9 81
9 85
10 23
10 92
10 97
11 46
11 69
11 74
11 87
11 98
12 42
12 50
12 52
12 73
12 79
12 82
12 91
13 20
13 35
13 45
13 46
13 58
13 64
13 75
13 77
13 80
13 84
13 86
14 46
14 47
14 57
14 76
14 81
15 23
15 39
15 57
15 65
15 72
16 22
16 34
16 61
16 71
16 82
17 25
17 44
17 50
17 51
17 79
17 82
18 43
19 28
19 47
19 56
19 59
19 68
19 83
19 87
20 23
20 71
20 85
21 22
21 30
21 36
21 54
21 80
21 81
22 25
22 41
22 46
22 53
22 66
23 45
23 52
23 60
23 63
24 30
24 48
24 53
24 59
24 68
24 69
24 99
25 29
25 31
25 60
25 82
25 85
26 44
26 62
26 72
26 88
26 91
26 97
27 29
27 36
27 43
27 44
27 50
27 63
27 64
27 81
27 87
27 91
28 68
28 74
28 80
29 30
29 69
29 84
29 87
29 92
30 44
30 49
30 83
31 35
31 37
31 61
31 79
31 81
31 93
32 41
32 45
32 48
32 61
32 69
32 75
32 95
33 41
33 49
33 67
33 96
34 59
34 63
34 71
34 85
35 42
35 74
35 98
36 61
36 66
36 78
37 52
37 71
38 63
38 70
38 94
38 98
39 42
39 44
39 52
39 71
39 76
39 82
39 99
40 42
40 44
40 52
40 65
40 77
40 90
41 50
42 49
42 65
42 81
42 84
42 99
43 59
43 92
43 97
44 47
44 51
44 83
44 98
45 82
45 95
46 51
46 68
46 71
46 74
46 83
47 57
47 75
47 85
49 51
49 72
49 79
49 81
49 93
50 56
50 77
50 86
50 93
50 95
51 60
51 73
51 76
52 61
52 87
52 90
53 58
53 74
53 85
53 89
54 66
54 67
54 86
54 89
54 95
55 58
55 92
55 98
56 58
56 65
56 68
56 76
56 90
56 97
57 79
57 85
57 90
58 77
58 78
58 95
59 74
59 75
59 86
60 73
60 87
61 84
61 90
62 63
63 77
63 81
63 94
65 90
66 70
66 76
66 89
66 99
67 77
68 79
68 98
69 73
69 95
70 71
70 74
70 97
71 76
72 83
72 88
74 88
74 93
75 98
76 89
76 94
77 89
77 93
78 83
80 83
80 98
80 99
81 90
82 91
83 94
85 91
86 90
87 99
88 89
88 90
92 95
92 97
93 94
93 98
96 97
96 99
