100 261 0.2
0 16
0 34
0 36
0 47
0 51
0 80
0 81
1 8
1 42
1 74
1 94
1 98
2 3
2 27
2 70
2 72
3 25
3 73
3 77
3 78
3 84
3 90
4 28
4 43
4 52
4 62
4 66
4 67
4 71
5 19
5 24
5 34
5 39
5 52
5 54
5 70
5 84
5 97
5 99
6 9
6 35
6 39
6 42
6 43
6 71
7 18
7 35
7 39
7 44
7 56
7 79
7 94
8 27
8 58
8 72
8 77
8 92
9 15
9 17
9 58
9 69
9 94
10 28
10 90
11 22
11 33
11 64
12 54
12 55
12 56
12 60
12 81
13 16
13 18
13 43
13 47
13 50
13 64
13 65
13 86
13 90
14 35
14 38
14 40
14 46
14 75
14 94
14 95
14 97
15 37
15 40
15 46
16 49
16 54
16 77
16 78
17 75
17 87
17 96
18 24
18 25
18 31
18 40
18 55
19 23
19 48
19 63
19 65
19 78
20 45
20 52
21 22
21 48
21 49
21 72
22 60
22 66
22 92
23 39
23 50
23 56
23 98
24 60
24 77
24 79
24 88
24 90
24 98
25 35
25 57
25 87
25 91
26 35
26 49
26 91
27 82
29 32
29 54
29 55
30 47
30 56
30 79
30 96
30 99
31 33
31 96
32 42
32 43
32 44
32 51
33 36
33 48
33 63
33 68
33 93
33 95
34 69
34 77
34 89
34 94
35 52
35 56
35 63
35 88
36 49
36 50
36 62
37 41
37 66
37 72
37 73
37 80
38 39
38 52
38 73
39 42
39 80
39 91
39 92
39 94
40 71
41 45
41 53
41 94
42 69
42 77
42 95
43 53
43 84
44 45
44 60
44 61
44 95
45 50
46 53
46 84
47 52
47 89
48 53
48 56
48 66
48 86
49 80
49 93
50 83
50 93
51 52
51 67
51 70
51 97
52 53
52 84
54 76
54 87
54 94
54 97
55 82
56 60
56 80
56 92
57 70
57 85
57 86
58 84
59 65
59 79
60 61
60 70
60 77
60 78
61 80
61 94
61 95
63 95
64 67
66 83
67 96
69 70
70 82
71 76
72 89
73 78
76 78
76 96
78 81
78 99
79 88
79 90
80 98
81 82
81 90
81 93
82 97
82 99
84 91
86 91
86 94
87 97
88 92
88 97
95 99
