100 261 0.5
0 11
0 45
0 65
0 82
0 88
0 99
1 2
1 35
2 22
2 28
2 39
2 42
2 57
3 8
3 28
3 29
3 37
3 42
3 59
4 6
4 8
4 15
4 29
4 60
4 76
4 90
5 9
5 72
5 92
5 95
6 15
6 23
6 42
6 49
6 67
7 38
8 63
8 98
9 25
9 45
9 46
9 56
9 61
9 64
10 53
10 90
10 92
11 27
11 45
11 53
11 58
11 81
12 17
12 43
12 46
12 55
13 49
13 95
15 46
15 49
15 67
15 82
15 98
16 24
16 56
16 63
16 75
16 88
17 21
17 23
17 48
17 61
17 62
17 64
17 70
17 74
17 77
17 80
17 89
18 30
18 74
18 79
19 22
19 29
19 34
19 66
19 80
19 88
20 24
20 37
20 73
20 87
21 23
21 26
21 27
21 47
21 81
21 83
21 93
22 45
22 91
23 29
23 32
23 43
23 47
23 63
23 66
24 41
24 83
25 27
25 31
25 37
25 66
26 45
26 81
26 83
27 28
27 32
27 43
27 48
27 70
27 90
28 43
28 48
28 50
28 78
29 34
29 43
29 64
29 73
29 93
30 36
30 56
30 59
30 86
31 51
31 64
31 83
31 87
32 65
33 38
33 51
33 92
34 54
35 36
35 65
35 97
36 71
36 93
37 50
37 74
37 98
39 49
39 57
39 75
39 82
40 52
40 63
40 85
40 92
40 93
41 78
41 88
42 62
42 83
42 92
43 48
43 74
43 99
44 54
44 63
44 64
45 46
45 52
45 62
45 64
45 68
45 85
45 88
46 69
46 98
48 62
48 68
48 83
49 59
49 67
49 79
49 81
49 87
50 60
50 67
50 97
51 59
51 66
51 83
53 62
54 59
54 78
54 92
54 94
55 77
55 86
55 87
56 79
56 83
57 77
57 86
59 60
59 80
59 82
59 83
59 87
60 74
60 85
60 91
60 95
61 70
61 77
62 66
62 80
62 81
63 68
63 70
63 76
63 80
63 94
63 97
64 82
64 83
64 98
65 79
65 92
65 99
66 80
67 77
70 71
70 82
71 78
71 82
73 79
73 82
73 85
73 90
76 96
77 80
77 83
80 81
81 96
81 97
82 92
82 96
82 97
83 85
83 99
84 90
85 94
86 93
86 94
87 91
88 96
96 98
