200 962 0.2
0 1
0 12
0 13
0 69
0 90
0 104
0 114
0 126
0 127
0 144
1 16
1 26
1 27
1 40
1 48
1 99
1 125
1 150
1 182
1 193
2 27
2 31
2 39
2 61
2 94
2 118
2 125
2 162
2 171
2 196
3 5
3 8
3 15
3 65
3 69
3 77
3 87
3 125
3 138
3 156
3 163
3 168
3 179
3 197
4 9
4 10
4 13
4 49
4 63
4 89
4 101
4 114
4 137
4 150
4 191
5 17
5 32
5 33
5 56
5 82
5 94
5 102
5 114
5 155
6 47
6 54
6 65
6 133
6 183
6 197
7 63
7 78
7 122
7 147
7 192
7 193
8 31
8 57
8 60
8 137
8 142
8 145
8 180
9 23
9 33
9 60
9 76
9 79
9 115
9 123
9 126
9 159
10 32
10 40
10 54
10 83
10 96
10 109
10 119
10 122
10 148
10 170
10 197
11 146
11 181
11 186
12 26
12 75
12 102
12 110
12 120
12 168
12 171
12 186
12 190
13 14
13 50
13 52
13 68
13 119
13 129
13 140
13 144
13 152
13 188
14 17
14 19
14 20
14 39
14 58
14 63
14 73
14 87
14 102
14 107
14 109
14 161
14 176
14 182
15 56
15 88
15 123
15 173
16 17
16 54
16 59
16 114
16 130
16 159
17 20
17 35
17 56
17 93
17 104
17 135
17 150
17 155
17 157
17 158
17 178
17 197
18 62
18 85
18 98
18 123
18 129
18 168
18 170
18 195
18 197
19 66
19 81
19 95
19 126
19 149
19 187
19 191
20 56
20 101
20 122
20 150
20 153
20 170
20 177
20 179
20 198
21 46
21 73
21 84
21 178
21 180
22 36
22 77
22 90
22 113
22 115
22 139
22 174
22 176
22 188
23 51
23 55
23 62
23 133
23 136
23 149
23 152
23 173
23 178
23 187
23 197
24 25
24 29
24 45
24 56
24 79
24 92
24 103
24 108
24 113
24 125
24 161
24 170
25 51
25 54
25 61
25 84
25 91
25 94
25 99
25 101
25 116
25 120
25 133
25 161
25 169
25 174
25 183
25 192
26 50
26 124
26 126
26 130
26 160
26 177
27 46
27 47
27 52
27 84
27 104
27 109
27 154
27 172
28 49
28 52
28 77
28 99
28 137
28 162
28 190
29 51
29 71
29 73
29 85
30 136
30 161
30 170
30 191
30 195
31 68
31 99
31 129
31 141
31 147
31 155
31 182
31 197
32 38
32 52
32 59
32 65
32 78
32 84
32 91
32 125
32 161
32 162
32 174
33 61
33 73
33 84
33 110
33 127
33 128
34 36
34 42
34 64
34 87
34 117
34 135
34 141
34 191
35 46
35 73
35 93
35 99
35 105
35 150
35 159
36 40
36 64
36 76
36 88
36 95
36 122
36 134
36 182
36 187
36 192
37 47
37 54
37 75
37 90
37 115
37 122
37 142
37 147
37 153
37 160
37 182
38 51
38 62
38 96
38 188
39 46
39 70
39 92
39 106
39 144
39 147
39 150
39 164
39 179
39 192
40 48
40 53
40 73
40 94
40 101
40 133
40 164
40 171
40 184
40 197
41 47
41 56
41 67
41 71
41 76
41 92
41 107
41 111
41 123
41 127
41 160
41 175
42 53
42 90
42 93
42 98
42 117
42 119
42 124
42 126
42 163
42 175
43 53
43 78
43 111
43 160
43 165
43 169
43 188
44 65
44 75
44 88
44 107
44 121
44 123
44 130
44 140
44 151
44 161
44 198
45 83
45 125
45 161
45 163
45 182
45 187
46 49
46 68
46 71
46 78
46 84
46 95
46 96
46 102
46 116
46 122
46 135
46 153
46 159
46 162
46 165
46 188
47 63
47 77
47 81
47 82
47 91
47 121
47 127
47 143
47 159
47 160
47 186
48 99
48 102
48 132
48 144
48 154
48 181
49 90
49 101
49 121
49 154
50 64
50 80
50 116
50 128
50 138
50 179
51 79
51 93
51 101
51 110
51 117
51 141
51 168
52 71
52 82
52 98
52 101
52 119
52 177
53 102
53 116
53 127
53 134
53 154
53 164
53 197
53 198
54 134
54 135
54 164
54 190
55 57
55 60
55 75
55 97
55 107
55 115
55 146
55 160
55 169
55 181
56 140
56 150
56 176
56 199
57 61
57 78
57 120
57 122
57 169
57 177
57 192
58 63
58 72
58 73
58 87
58 110
58 124
58 158
58 170
58 181
59 68
59 109
59 127
59 149
59 154
60 73
60 136
61 63
61 74
61 95
61 102
62 78
62 85
62 100
62 118
62 135
62 137
62 149
62 171
62 173
62 188
63 67
63 79
63 121
63 122
63 152
63 172
63 179
63 190
63 193
64 69
64 95
64 98
64 137
64 154
64 161
64 169
65 112
65 124
65 149
65 162
65 172
65 180
65 193
66 69
66 104
66 106
66 129
66 145
66 158
67 78
67 110
67 111
67 138
67 186
68 69
68 75
68 90
68 92
68 97
68 171
68 196
69 85
69 90
69 95
69 96
69 101
69 149
69 153
69 178
69 183
70 96
70 97
70 104
70 137
70 149
70 159
70 175
70 179
70 194
71 97
71 103
71 109
71 122
71 129
71 148
71 149
71 171
71 181
72 85
72 103
72 106
72 189
72 194
73 100
73 157
73 178
74 75
74 111
74 112
74 119
74 123
74 152
75 77
75 85
75 103
75 122
75 138
75 164
76 92
76 98
76 137
76 143
76 156
76 158
76 195
77 91
77 112
77 118
77 132
77 141
77 152
77 153
77 166
78 83
78 96
78 102
78 119
79 83
79 102
79 114
79 161
79 163
79 185
79 190
80 90
80 103
80 126
80 144
81 84
81 86
81 89
81 105
81 109
81 128
81 132
81 160
81 162
81 173
81 191
81 198
82 83
82 126
82 141
82 163
82 176
83 93
83 107
83 109
83 116
83 119
83 139
83 189
83 199
84 131
84 132
84 140
84 165
84 178
84 193
85 88
85 167
85 181
86 100
86 111
86 121
86 125
86 132
86 195
87 114
87 135
87 193
88 91
88 104
88 106
88 120
89 94
89 100
89 115
89 131
89 153
89 171
89 181
90 143
90 168
91 108
91 118
91 120
91 126
91 128
91 176
92 101
92 103
92 107
92 119
92 128
92 190
93 118
93 119
93 187
93 193
93 198
94 131
94 143
94 153
94 162
94 169
94 185
95 98
95 108
95 111
95 121
95 141
95 149
95 151
95 166
95 176
95 194
95 196
96 97
96 127
96 165
96 172
96 173
96 186
96 192
96 194
97 114
97 122
97 132
97 183
97 184
98 100
98 151
98 154
98 176
99 125
99 136
99 158
99 173
100 156
101 103
101 111
101 127
101 144
101 149
101 155
101 178
102 104
102 114
102 119
102 125
102 142
102 198
103 109
103 154
103 192
103 197
104 197
105 127
105 140
105 198
106 124
106 134
106 139
106 165
106 187
106 190
107 173
107 199
108 114
108 140
109 129
109 158
109 163
109 184
109 188
109 192
110 160
110 163
110 169
110 181
110 189
110 196
110 197
111 115
111 141
111 152
111 170
111 176
112 120
112 124
112 144
112 159
112 160
112 169
112 181
113 116
113 132
113 145
113 146
113 149
113 163
113 189
114 130
114 134
114 163
114 178
115 125
115 152
115 154
115 155
115 170
115 183
116 157
117 134
117 155
117 184
118 174
118 176
118 178
118 181
118 190
119 158
119 168
120 126
120 145
120 170
121 164
121 169
121 189
122 131
122 142
122 176
123 134
123 137
123 139
124 153
125 151
125 167
125 181
125 197
127 160
128 135
128 187
128 189
129 133
129 134
129 149
129 150
129 154
129 173
129 181
129 184
129 192
129 193
130 141
130 158
131 185
133 168
133 171
133 185
134 161
134 197
135 156
135 186
135 191
136 188
137 190
138 156
138 162
138 184
139 156
139 161
139 172
140 168
140 169
140 197
141 143
142 179
143 193
144 147
144 163
144 192
144 195
144 198
145 153
145 155
145 172
146 175
147 160
147 196
148 180
148 196
149 159
149 173
149 198
151 155
151 169
152 173
152 176
152 197
153 154
153 162
153 167
153 187
153 193
154 191
155 170
155 179
157 182
157 183
158 167
158 182
158 185
158 188
159 165
160 173
160 175
161 184
161 187
162 167
162 171
163 171
163 190
164 177
164 185
164 194
165 168
165 170
165 195
167 172
167 194
169 176
170 178
171 175
171 190
171 199
174 181
175 190
176 185
177 185
180 191
180 193
181 183
182 193
184 193
184 199
185 197
188 196
188 199
189 198
190 195
192 194
