100 248 0.5
0 4
0 15
0 16
0 24
0 39
0 43
0 50
0 74
0 84
0 88
0 95
0 97
1 49
1 60
1 70
1 97
2 7
2 22
2 33
2 59
2 69
2 85
3 68
4 77
5 41
5 62
5 67
5 85
6 17
6 66
6 89
7 13
7 27
7 39
7 84
7 97
7 98
8 14
8 23
8 29
8 34
8 44
8 48
8 68
8 72
8 90
8 92
8 97
9 50
9 63
9 99
10 46
10 58
10 95
11 49
11 60
11 73
11 80
12 15
12 16
12 30
12 45
12 77
12 96
13 14
13 27
13 58
13 61
13 67
13 96
14 20
14 42
14 53
14 83
15 27
15 68
15 71
15 76
15 84
15 90
15 97
16 24
16 25
16 48
16 69
17 39
17 65
17 76
18 55
18 63
18 65
18 69
18 77
19 36
19 75
20 24
20 96
21 25
21 96
22 33
22 59
22 81
22 98
23 37
23 47
23 57
23 65
23 92
24 77
24 88
24 96
25 27
25 39
25 55
25 56
25 57
25 84
25 85
26 35
26 58
27 46
27 86
27 99
28 93
29 79
29 94
29 95
30 41
30 46
30 70
30 72
30 74
30 92
30 95
31 35
31 44
31 45
31 59
31 65
31 79
31 82
31 83
32 36
32 48
32 56
32 57
32 73
32 74
32 83
32 89
33 35
33 50
34 59
34 61
34 79
35 78
36 84
36 85
36 93
37 45
37 49
37 64
37 75
38 62
38 90
38 96
39 61
39 62
39 88
40 48
40 84
41 48
41 52
41 85
41 91
41 97
42 44
42 68
43 52
43 95
44 61
44 71
45 54
45 59
45 93
45 96
46 59
46 83
47 54
47 64
47 85
48 84
49 50
49 91
50 53
50 56
50 57
50 81
50 85
51 85
53 80
53 88
53 93
53 98
53 99
54 56
54 70
55 86
55 92
56 61
56 79
56 85
56 91
57 78
57 92
58 94
59 64
59 96
59 97
60 91
60 97
61 79
61 83
65 79
65 97
66 75
66 85
66 88
67 72
67 91
69 71
69 85
69 87
71 73
72 80
72 82
73 84
73 86
73 89
77 82
77 93
78 91
78 92
80 85
81 85
83 86
85 98
92 97
