200 1789 0.5
0 6
0 32
0 43
0 78
0 88
0 100
0 103
0 130
0 132
0 134
0 139
0 159
0 160
1 9
1 36
1 37
1 49
1 65
1 75
1 91
1 97
1 104
1 122
1 125
1 139
1 168
1 179
1 181
2 10
2 16
2 24
2 34
2 36
2 38
2 40
2 42
2 46
2 58
2 68
2 78
2 81
2 99
2 117
2 118
2 122
2 126
2 140
2 145
2 170
2 174
2 192
3 17
3 57
3 73
3 90
3 98
3 104
3 105
3 117
3 124
3 128
3 155
3 164
3 165
3 182
4 5
4 8
4 19
4 23
4 24
4 57
4 86
4 93
4 103
4 106
4 112
4 123
4 134
4 141
4 143
4 146
4 147
4 174
4 181
4 183
4 189
4 197
5 26
5 35
5 43
5 58
5 64
5 82
5 85
5 87
5 92
5 98
5 104
5 115
5 120
5 121
5 122
5 128
5 150
5 156
5 166
5 173
5 177
5 180
5 186
5 189
5 192
6 15
6 36
6 38
6 45
6 55
6 56
6 57
6 106
6 123
6 136
6 158
6 165
6 183
6 189
7 11
7 53
7 59
7 70
7 72
7 82
7 95
7 97
7 113
7 117
7 191
7 192
7 197
8 15
8 26
8 29
8 31
8 34
8 35
8 47
8 54
8 57
8 60
8 65
8 70
8 72
8 86
8 88
8 90
8 95
8 110
8 115
8 119
8 122
8 128
8 186
8 190
9 10
9 39
9 47
9 48
9 65
9 83
9 85
9 90
9 113
9 114
9 131
9 134
9 140
9 142
9 147
9 172
9 176
9 177
9 178
9 179
10 19
10 51
10 61
10 85
10 92
10 101
10 111
10 132
10 143
10 158
10 164
10 186
10 195
11 12
11 22
11 36
11 52
11 94
11 104
11 115
11 132
11 136
11 177
11 192
12 16
12 18
12 21
12 28
12 39
12 44
12 59
12 66
12 81
12 95
12 120
12 133
12 136
12 155
12 162
12 164
12 172
12 174
12 181
12 186
13 30
13 37
13 45
13 46
13 47
13 69
13 79
13 99
13 102
13 104
13 108
13 109
13 124
13 125
13 127
13 136
13 153
13 155
13 156
13 157
13 170
13 183
13 191
13 196
14 23
14 25
14 30
14 31
14 35
14 39
14 42
14 44
14 58
14 66
14 68
14 71
14 80
14 117
14 119
14 128
14 141
14 151
14 188
14 194
15 26
15 33
15 35
15 38
15 42
15 100
15 109
15 115
15 120
15 140
15 161
15 177
15 184
16 19
16 23
16 42
16 44
16 55
16 93
16 97
16 100
16 123
16 131
16 134
16 158
16 160
16 180
17 20
17 24
17 33
17 34
17 45
17 81
17 90
17 93
17 121
17 124
17 125
17 129
17 131
17 139
17 145
17 159
17 163
17 172
17 179
17 187
17 191
17 196
18 22
18 26
18 49
18 70
18 85
18 86
18 93
18 94
18 107
18 109
18 121
18 123
18 143
18 198
19 34
19 37
19 42
19 55
19 62
19 71
19 101
19 114
19 134
19 147
19 153
19 159
19 161
19 174
19 181
20 28
20 58
20 62
20 73
20 75
20 117
20 124
20 148
20 153
20 178
20 180
20 187
20 189
20 191
20 196
21 32
21 35
21 43
21 72
21 80
21 86
21 88
21 97
21 101
21 112
21 127
21 133
21 143
21 158
21 161
21 166
22 41
22 42
22 43
22 59
22 68
22 74
22 86
22 97
22 106
22 119
22 131
22 145
22 187
23 33
23 50
23 51
23 61
23 87
23 99
23 132
23 146
23 181
23 182
23 187
23 195
24 25
24 28
24 29
24 41
24 47
24 50
24 54
24 68
24 86
24 98
24 123
24 128
24 142
24 148
24 171
24 174
25 32
25 44
25 59
25 70
25 71
25 79
25 80
25 87
25 88
25 118
25 124
25 127
25 138
25 152
25 169
25 197
25 199
26 33
26 35
26 42
26 43
26 48
26 58
26 71
26 79
26 80
26 89
26 96
26 99
26 122
26 128
26 132
26 140
26 142
26 143
26 148
26 149
26 152
26 169
26 172
26 193
27 33
27 43
27 82
27 114
27 121
27 122
27 156
27 167
27 173
28 37
28 41
28 47
28 51
28 83
28 90
28 96
28 101
28 132
28 150
28 154
28 156
28 163
28 167
28 176
28 179
29 67
29 68
29 81
29 97
29 102
29 103
29 140
29 143
29 152
29 160
29 162
29 164
29 174
29 195
30 39
30 78
30 79
30 108
30 110
30 111
30 119
30 126
30 128
30 131
30 144
30 152
30 169
30 180
30 185
31 66
31 87
31 93
31 100
31 102
31 111
31 122
31 131
31 132
31 140
31 145
31 148
31 156
32 39
32 42
32 49
32 50
32 55
32 83
32 117
32 118
32 119
32 120
32 126
32 148
32 177
32 181
32 184
32 186
33 44
33 50
33 66
33 68
33 69
33 70
33 74
33 77
33 79
33 91
33 96
33 107
33 108
33 121
33 178
33 181
34 40
34 45
34 67
34 78
34 81
34 104
34 121
34 125
34 133
34 141
34 152
34 157
34 162
34 169
34 198
34 199
35 58
35 79
35 93
35 104
35 106
35 113
35 140
35 153
35 154
35 179
36 42
36 54
36 88
36 92
36 93
36 102
36 113
36 118
36 121
36 131
36 160
36 175
36 179
36 190
37 49
37 54
37 65
37 74
37 78
37 80
37 95
37 100
37 104
37 108
37 109
37 110
37 113
37 136
37 147
37 154
37 155
37 159
37 161
37 167
37 180
37 183
38 40
38 45
38 50
38 52
38 54
38 59
38 65
38 73
38 84
38 86
38 103
38 129
38 136
38 149
38 162
38 173
38 184
39 45
39 47
39 54
39 58
39 79
39 106
39 127
39 129
39 132
39 143
39 172
39 178
40 49
40 89
40 92
40 104
40 108
40 125
40 143
40 154
40 158
40 159
40 192
41 52
41 55
41 57
41 59
41 77
41 89
41 90
41 96
41 110
41 145
41 151
41 169
42 57
42 61
42 63
42 66
42 68
42 72
42 75
42 78
42 79
42 85
42 95
42 105
42 125
42 136
42 156
42 165
42 189
42 190
42 192
42 198
43 45
43 48
43 53
43 60
43 67
43 122
43 130
43 139
43 152
43 173
43 174
43 177
43 181
43 183
43 188
43 191
44 48
44 52
44 55
44 62
44 81
44 92
44 109
44 137
44 143
44 149
44 159
44 163
44 168
44 184
44 189
44 193
45 65
45 74
45 82
45 83
45 108
45 121
45 137
45 153
45 171
45 174
45 193
45 195
46 54
46 63
46 89
46 102
46 113
46 141
46 160
46 168
46 176
46 180
47 94
47 109
47 110
47 111
47 113
47 122
47 136
47 145
47 146
47 162
48 55
48 56
48 61
48 77
48 78
48 104
48 107
48 113
48 130
48 134
48 136
48 153
48 165
48 188
49 63
49 85
49 88
49 94
49 102
49 117
49 119
49 126
49 132
49 161
49 162
49 189
49 190
49 192
49 194
49 196
50 67
50 75
50 76
50 77
50 78
50 79
50 98
50 100
50 118
50 119
50 140
50 183
50 184
51 61
51 76
51 99
51 101
51 109
51 110
51 113
51 133
51 140
51 149
51 171
51 187
52 56
52 85
52 132
52 149
52 155
52 157
52 178
53 68
53 72
53 73
53 77
53 89
53 93
53 117
53 135
53 144
53 145
53 149
53 157
53 158
53 177
54 64
54 84
54 97
54 106
54 119
54 122
54 131
54 135
54 137
54 165
54 183
54 186
54 194
54 195
54 198
55 56
55 63
55 81
55 95
55 102
55 106
55 124
55 129
55 134
55 136
55 145
55 153
55 160
55 162
55 169
55 170
55 181
56 58
56 79
56 92
56 94
56 101
56 105
56 117
56 123
56 141
56 150
56 151
56 159
56 160
56 170
56 177
56 189
56 198
57 62
57 93
57 115
57 121
57 155
57 157
57 165
57 191
57 192
58 66
58 69
58 81
58 105
58 158
58 165
58 193
59 60
59 81
59 84
59 92
59 106
59 110
59 125
59 130
59 135
59 148
59 156
59 168
59 171
59 185
59 189
60 63
60 77
60 84
60 88
60 90
60 95
60 96
60 115
60 123
60 137
60 144
60 145
60 147
60 154
60 170
60 179
60 189
60 192
60 193
61 63
61 78
61 92
61 98
61 102
61 103
61 106
61 114
61 119
61 127
61 132
61 134
61 146
61 152
61 161
61 163
61 164
61 185
61 193
61 198
62 73
62 76
62 81
62 99
62 104
62 124
62 125
62 126
62 173
62 187
62 199
63 69
63 74
63 105
63 110
63 119
63 136
63 148
63 151
63 171
63 177
63 179
63 182
63 188
64 72
64 79
64 141
64 157
64 169
64 180
64 192
64 195
64 196
65 69
65 86
65 91
65 105
65 129
65 140
65 146
65 175
65 182
66 68
66 81
66 98
66 112
66 149
66 158
66 161
66 173
66 179
66 183
66 192
67 70
67 71
67 90
67 115
67 116
67 120
67 124
67 147
67 162
67 164
67 169
67 170
67 189
67 196
68 71
68 72
68 85
68 96
68 138
68 139
68 147
68 148
68 162
68 163
69 80
69 88
69 94
69 105
69 116
69 151
69 157
69 160
69 167
69 176
69 184
70 77
70 79
70 89
70 142
70 146
70 164
70 173
71 74
71 90
71 94
71 98
71 109
71 112
71 126
71 149
71 151
71 173
71 195
72 100
72 116
72 127
72 136
72 138
72 175
72 191
72 198
73 97
73 104
73 127
73 128
73 168
73 179
74 76
74 87
74 93
74 130
74 157
74 164
74 168
74 170
74 174
74 179
74 186
74 187
75 83
75 95
75 98
75 108
75 111
75 121
75 131
75 136
75 137
75 142
75 173
75 176
76 85
76 88
76 101
76 150
76 163
76 178
76 184
77 93
77 102
77 110
77 131
77 150
77 154
77 170
77 172
77 173
77 179
77 183
77 191
78 97
78 109
78 116
78 124
78 162
78 165
78 186
79 83
79 93
79 102
79 124
79 147
79 157
79 159
79 166
79 174
79 179
79 192
80 83
80 92
80 100
80 104
80 105
80 112
80 126
80 193
81 84
81 102
81 103
81 122
81 143
81 148
81 149
81 161
81 163
81 179
81 180
82 84
82 92
82 102
82 116
82 118
82 132
82 136
82 140
82 166
82 172
82 190
83 91
83 108
83 110
83 132
83 141
83 169
83 174
83 187
83 191
83 198
84 101
84 118
84 123
84 130
84 145
84 147
84 151
84 159
84 178
84 180
84 185
85 94
85 105
85 123
85 130
85 177
85 185
85 195
86 98
86 102
86 104
86 106
86 130
86 134
86 146
86 156
86 158
86 173
86 175
86 176
86 199
87 95
87 96
87 97
87 106
87 108
87 109
87 128
87 171
87 181
87 189
88 89
88 102
88 131
88 148
88 167
88 175
88 177
88 188
89 92
89 110
89 111
89 135
89 144
89 154
89 171
89 174
89 180
89 181
89 191
89 196
90 95
90 110
90 111
90 113
90 139
90 149
90 152
90 169
90 171
90 173
90 177
90 194
91 121
91 132
91 137
91 144
91 182
91 199
92 94
92 96
92 105
92 142
92 151
92 153
92 166
92 169
92 191
93 100
93 112
93 115
93 128
93 165
93 168
93 184
93 196
94 105
94 126
94 130
94 154
94 159
94 166
94 168
94 170
94 173
94 182
94 190
95 99
95 127
95 149
95 163
95 165
95 170
95 182
95 194
96 125
96 140
96 143
96 152
96 157
96 159
97 106
97 108
97 124
97 129
97 133
97 158
97 166
97 176
97 181
97 188
98 99
98 126
98 131
98 132
98 136
98 148
98 172
98 185
99 100
99 101
99 111
99 121
99 138
99 150
99 159
99 167
99 169
99 173
99 197
100 101
100 118
100 128
100 147
100 149
100 154
100 169
100 190
101 107
101 129
101 140
101 145
101 154
101 173
101 176
101 195
102 129
102 143
102 146
102 148
102 149
102 154
102 155
103 118
103 121
103 125
103 130
103 135
103 137
103 145
103 146
103 157
103 159
103 172
103 187
103 195
104 163
105 109
105 113
105 118
105 143
105 164
105 178
105 180
105 182
105 196
106 109
106 113
106 120
106 137
106 160
106 184
106 199
107 112
107 120
107 124
107 134
107 146
107 147
107 157
107 158
107 159
107 160
107 174
107 181
108 110
108 130
108 140
108 145
108 166
108 174
108 179
108 184
109 119
109 120
109 130
109 149
109 161
109 169
109 172
109 189
109 193
110 113
110 123
110 127
110 135
110 139
110 140
110 142
110 146
110 176
111 113
111 114
111 119
111 121
111 144
111 149
111 162
111 185
111 193
112 119
112 124
112 129
112 134
112 172
112 191
112 198
113 123
113 128
113 135
113 149
113 151
113 164
113 170
113 172
113 181
113 184
113 193
113 194
113 199
114 117
114 138
114 161
114 164
114 171
114 184
115 125
115 128
115 131
115 136
115 167
115 171
115 186
115 193
115 199
116 120
116 121
116 141
116 151
116 165
116 173
116 176
116 191
116 199
117 142
117 169
117 171
117 176
117 180
117 192
117 197
117 199
118 119
118 128
118 141
118 163
118 164
118 198
119 128
119 132
119 134
119 161
119 163
119 167
119 176
119 180
119 183
119 188
120 127
120 142
120 144
121 123
121 146
121 156
121 162
121 188
122 125
122 126
122 127
122 151
122 178
122 183
122 184
122 192
122 197
123 132
123 134
123 141
123 156
123 164
123 178
124 146
124 152
124 170
124 171
124 174
124 176
124 178
124 194
124 199
125 126
125 127
125 133
125 146
125 162
125 174
125 179
126 129
126 136
126 142
126 144
126 149
126 179
126 187
126 194
126 196
127 147
127 159
127 161
127 165
127 184
128 130
128 155
128 158
128 166
128 173
128 183
128 190
128 198
129 133
129 170
129 174
129 179
129 186
129 190
129 198
130 147
130 149
130 179
130 182
130 194
130 198
131 179
131 180
131 182
131 188
132 138
132 139
132 141
132 172
132 175
132 185
132 190
133 136
133 145
133 155
133 156
133 159
133 173
133 188
133 191
134 137
134 142
134 157
134 179
134 182
134 183
134 193
135 145
135 150
135 159
135 169
135 184
135 189
136 172
136 174
136 175
136 184
136 195
137 146
137 171
137 172
137 184
137 185
137 193
137 194
138 140
138 157
138 166
138 170
138 174
138 179
138 185
138 186
138 189
138 190
138 191
138 193
139 141
139 144
139 147
139 157
139 160
139 177
140 141
140 145
140 151
140 170
140 177
140 182
140 189
140 194
140 198
141 142
141 160
141 163
141 167
141 178
141 181
141 183
141 186
142 152
142 160
142 165
142 182
143 144
143 151
143 154
143 177
143 182
143 191
144 154
144 175
144 199
145 146
145 147
145 152
145 162
145 178
145 182
145 188
145 189
145 192
146 149
146 154
146 157
146 168
146 184
146 186
147 153
147 161
147 162
147 163
147 168
148 171
148 175
148 179
148 180
148 192
149 153
149 162
149 165
149 174
149 180
150 162
150 196
151 158
151 184
151 193
152 155
152 161
152 172
152 182
153 172
153 184
153 191
153 196
154 181
154 182
154 188
155 172
156 167
156 187
156 197
157 160
157 165
157 177
158 161
158 179
158 194
159 194
160 162
160 174
160 183
161 171
161 172
161 190
162 169
162 177
162 181
162 185
162 196
162 198
163 173
163 187
164 170
164 171
164 185
164 188
164 191
165 188
166 171
166 172
166 174
166 176
166 182
166 186
167 169
167 171
167 174
168 186
168 199
169 171
169 193
170 176
170 182
170 186
170 196
171 189
171 195
172 182
172 192
173 191
174 186
174 187
174 189
176 177
176 199
177 191
178 181
178 189
178 197
179 181
179 187
179 195
179 197
180 185
181 183
181 186
181 195
182 184
183 195
183 198
183 199
185 186
185 199
186 189
187 189
187 193
189 192
189 195
190 193
194 196
194 199
