200 1620 0.2
0 1
0 11
0 13
0 16
0 21
0 48
0 75
0 108
0 119
0 166
1 28
1 29
1 36
1 50
1 86
1 118
1 152
1 181
1 182
1 186
2 3
2 14
2 21
2 23
2 27
2 29
2 35
2 46
2 47
2 48
2 54
2 85
2 91
2 106
2 114
2 117
2 155
2 161
2 167
2 187
3 22
3 36
3 51
3 55
3 63
3 64
3 72
3 75
3 76
3 102
3 161
3 170
3 193
4 18
4 19
4 32
4 48
4 86
4 87
4 120
4 141
4 158
4 187
4 196
5 26
5 41
5 42
5 48
5 58
5 95
5 99
5 108
5 132
5 160
5 164
5 167
5 168
5 175
5 193
6 12
6 28
6 30
6 33
6 35
6 40
6 42
6 49
6 50
6 54
6 62
6 71
6 76
6 82
6 86
6 93
6 95
6 114
6 116
6 137
6 139
6 143
6 162
6 168
6 188
7 15
7 35
7 45
7 46
7 69
7 76
7 82
7 89
7 91
7 95
7 98
7 99
7 114
7 118
7 120
7 122
7 134
7 155
7 162
7 168
7 194
8 10
8 26
8 34
8 41
8 55
8 64
8 65
8 91
8 102
8 114
8 136
8 139
8 141
8 148
8 171
8 188
8 198
9 19
9 40
9 52
9 54
9 62
9 87
9 155
9 166
9 189
10 34
10 46
10 62
10 89
10 98
10 100
10 107
10 108
10 113
10 128
10 130
10 138
10 147
10 150
10 176
10 182
11 15
11 17
11 22
11 25
11 30
11 55
11 58
11 63
11 65
11 89
11 94
11 97
11 100
11 101
11 118
11 132
11 143
11 146
12 21
12 23
12 33
12 42
12 43
12 62
12 87
12 106
12 107
12 108
12 115
12 140
12 153
12 155
12 179
12 185
12 189
12 190
13 26
13 28
13 34
13 51
13 65
13 77
13 82
13 84
13 97
13 115
13 128
13 129
13 133
13 137
13 153
13 178
13 186
13 189
13 197
14 51
14 76
14 79
14 83
14 142
14 167
14 170
14 189
15 20
15 27
15 33
15 36
15 49
15 52
15 75
15 107
15 111
15 115
15 137
15 142
15 150
15 157
15 169
15 175
15 178
15 186
15 189
16 32
16 33
16 38
16 45
16 120
16 155
16 168
16 171
16 199
17 22
17 76
17 81
17 107
17 109
17 117
17 125
17 139
17 142
17 147
17 151
17 162
17 187
18 22
18 26
18 38
18 60
18 74
18 96
18 103
18 108
18 116
18 123
18 127
18 128
18 139
18 158
18 162
18 167
18 168
18 180
18 195
18 196
18 197
18 199
19 22
19 36
19 38
19 40
19 44
19 50
19 84
19 101
19 124
19 129
19 134
19 147
19 160
19 175
19 193
19 196
20 23
20 39
20 45
20 49
20 55
20 79
20 92
20 111
20 119
20 138
20 141
20 147
20 157
20 159
20 176
21 23
21 27
21 38
21 41
21 55
21 57
21 62
21 65
21 68
21 97
21 105
21 120
21 121
21 130
21 192
22 31
22 32
22 38
22 52
22 58
22 67
22 76
22 77
22 82
22 83
22 105
22 107
22 120
22 128
22 136
22 140
22 153
22 183
22 188
22 197
23 24
23 30
23 63
23 69
23 77
23 83
23 125
23 139
23 167
24 25
24 27
24 49
24 63
24 75
24 76
24 86
24 105
24 107
24 117
24 121
24 132
24 133
24 140
24 142
24 166
24 176
24 178
24 187
25 29
25 51
25 88
25 96
25 104
25 106
25 115
25 117
25 128
25 134
25 139
25 165
25 192
26 92
26 98
26 113
26 127
26 146
26 168
26 173
26 188
26 191
27 37
27 41
27 60
27 74
27 77
27 78
27 85
27 98
27 102
27 117
27 133
27 136
27 138
27 157
27 169
27 170
27 186
27 187
27 193
28 42
28 53
28 82
28 92
28 99
28 109
28 129
28 160
28 178
29 44
29 47
29 52
29 65
29 76
29 112
29 128
29 143
29 180
29 182
29 187
29 190
29 192
29 195
30 36
30 37
30 40
30 42
30 47
30 48
30 68
30 69
30 93
30 111
30 119
30 130
30 140
30 181
30 193
30 197
31 37
31 42
31 43
31 50
31 80
31 91
31 95
31 101
31 108
31 118
31 119
31 123
31 142
31 150
31 158
31 166
31 168
31 173
31 176
31 179
31 188
31 193
32 36
32 44
32 50
32 53
32 72
32 75
32 84
32 109
32 119
32 153
32 156
32 157
32 170
32 179
32 199
33 55
33 67
33 69
33 72
33 76
33 94
33 105
33 108
33 109
33 114
33 128
33 141
33 169
33 170
33 173
33 192
33 195
34 45
34 48
34 59
34 76
34 113
34 146
34 154
34 165
34 195
34 197
34 198
35 42
35 44
35 53
35 63
35 77
35 78
35 105
35 116
35 145
36 40
36 61
36 63
36 82
36 88
36 104
36 117
36 119
36 124
36 133
36 140
36 159
36 164
36 176
36 179
36 185
36 197
37 64
37 69
37 81
37 101
37 106
37 117
37 130
37 139
37 141
37 158
37 162
37 199
38 40
38 55
38 71
38 81
38 104
38 108
38 117
38 129
38 195
39 40
39 57
39 60
39 84
39 108
39 109
39 129
39 135
39 145
39 148
39 149
39 162
39 169
39 171
39 175
39 187
39 188
40 67
40 78
40 101
40 102
40 129
40 155
40 187
40 197
41 44
41 55
41 76
41 83
41 95
41 110
41 111
41 112
41 118
41 153
41 159
41 168
41 174
41 179
41 182
41 189
41 193
42 51
42 67
42 94
42 107
42 114
42 123
42 125
42 140
42 170
42 190
42 193
43 64
43 68
43 83
43 86
43 101
43 106
43 111
43 113
43 132
43 149
43 161
43 178
43 179
43 183
43 187
44 48
44 64
44 80
44 94
44 95
44 120
44 130
44 131
44 141
44 145
44 156
44 172
44 176
44 192
44 194
44 195
45 60
45 61
45 70
45 90
45 100
45 112
45 118
45 132
45 133
45 171
45 177
45 188
45 189
46 50
46 56
46 59
46 67
46 70
46 74
46 82
46 90
46 96
46 106
46 107
46 113
46 124
46 176
46 180
46 182
46 184
47 53
47 70
47 74
47 82
47 99
47 101
47 104
47 108
47 117
47 118
47 119
47 152
47 180
47 196
48 51
48 55
48 71
48 79
48 82
48 91
48 99
48 107
48 132
48 138
48 143
48 175
48 185
48 195
48 198
49 56
49 75
49 88
49 93
49 96
49 108
49 119
49 143
49 164
49 167
49 191
49 193
50 100
50 111
50 115
50 118
50 129
50 136
50 174
50 175
50 189
50 195
51 90
51 100
51 126
51 127
51 173
51 180
51 182
51 191
51 194
52 58
52 70
52 79
52 81
52 82
52 92
52 95
52 126
52 133
52 135
52 137
52 161
52 176
52 193
53 59
53 62
53 70
53 92
53 127
53 151
53 152
53 156
53 166
53 176
54 57
54 61
54 66
54 69
54 141
54 142
54 148
54 181
54 193
55 57
55 69
55 77
55 87
55 89
55 122
55 126
55 140
55 150
55 167
55 175
55 179
55 193
55 197
56 82
56 86
56 115
56 125
56 152
56 199
57 59
57 65
57 76
57 86
57 89
57 104
57 109
57 112
57 117
57 134
57 141
57 154
57 159
57 165
57 169
57 173
58 72
58 92
58 105
58 120
58 131
58 133
58 134
58 163
58 168
59 60
59 88
59 102
59 103
59 131
59 132
59 141
59 146
59 149
59 153
59 160
59 162
59 169
59 184
60 66
60 80
60 111
60 113
60 139
60 187
60 199
61 72
61 85
61 137
61 138
61 145
61 161
61 166
61 175
61 178
61 186
61 195
62 80
62 93
62 125
62 128
62 130
62 149
62 163
62 169
62 180
63 75
63 92
63 94
63 107
63 118
63 125
63 128
63 150
64 70
64 82
64 92
64 94
64 118
64 132
64 142
64 162
64 167
64 169
64 172
64 174
65 72
65 95
65 105
65 143
65 168
65 170
65 183
65 192
66 87
66 105
66 108
66 110
66 119
66 134
66 137
66 140
66 143
66 146
66 160
66 161
66 165
66 166
66 180
66 185
66 189
66 196
66 197
67 68
67 84
67 86
67 87
67 91
67 112
67 120
67 143
67 149
67 185
68 81
68 84
68 103
68 132
68 133
68 162
68 172
68 176
68 185
68 199
69 89
69 93
69 110
69 124
70 78
70 90
70 99
70 123
70 127
70 137
70 144
70 161
70 177
71 76
71 86
71 92
71 94
71 99
71 109
71 114
71 123
71 124
71 125
71 134
71 175
72 75
72 94
72 107
72 110
72 111
72 118
72 119
72 126
72 142
72 147
72 193
73 109
73 123
73 147
73 152
73 166
73 179
73 184
73 197
74 100
74 156
74 163
74 164
74 173
74 186
75 77
75 113
75 117
75 150
75 167
75 169
75 183
75 184
75 191
75 196
75 198
76 88
76 94
76 116
76 124
76 128
76 131
76 135
76 137
76 148
76 153
76 171
76 190
77 112
77 121
77 150
77 152
77 153
77 158
77 163
77 165
77 172
77 179
77 182
77 192
78 82
78 94
78 108
78 135
78 139
78 145
78 162
78 167
78 171
78 173
78 174
78 177
78 184
78 185
78 193
78 198
79 91
79 92
79 104
79 112
79 128
79 148
79 154
79 158
79 162
79 169
79 189
79 193
80 87
80 145
80 150
81 83
81 111
81 113
81 122
81 127
81 136
81 164
81 185
81 191
82 112
82 118
82 128
82 130
82 141
82 185
82 196
83 84
83 95
83 97
83 117
83 123
83 139
83 147
83 161
83 174
83 183
83 194
83 197
84 92
84 118
84 177
84 193
85 100
85 103
85 111
85 126
85 137
85 148
85 166
85 181
85 185
86 108
86 150
86 156
86 168
86 169
86 184
87 111
87 118
87 128
87 145
87 151
87 153
87 171
87 184
87 194
87 196
87 198
88 90
88 97
88 99
88 104
88 105
88 116
88 123
88 136
88 179
88 180
88 190
88 199
89 94
89 95
89 97
89 111
89 119
89 120
89 124
89 134
89 147
89 174
89 186
89 189
90 112
90 115
90 118
90 121
90 138
90 177
91 93
91 98
91 104
91 116
91 121
91 141
91 171
91 180
91 182
91 183
91 184
92 105
92 125
92 138
92 164
92 171
92 176
92 178
92 179
92 193
93 96
93 108
93 115
93 122
93 126
93 131
93 143
93 175
93 176
94 100
94 123
94 159
94 165
94 195
94 196
94 198
95 96
95 103
95 131
95 144
95 160
95 161
95 166
95 180
95 184
95 189
95 191
95 198
96 106
96 115
96 131
96 133
96 144
96 158
97 148
97 175
97 176
98 124
98 139
98 140
98 146
98 147
98 166
98 168
98 176
98 179
98 188
98 194
98 195
99 116
99 122
99 138
99 146
99 164
99 185
100 115
100 119
100 125
100 146
100 147
100 168
100 179
100 180
101 105
101 107
101 118
101 152
101 176
101 178
101 189
102 103
102 106
102 107
102 113
102 117
102 122
102 123
102 144
102 146
102 174
102 179
102 184
102 186
102 191
102 198
103 104
103 118
103 132
103 154
103 160
103 174
103 179
103 197
104 115
104 144
104 145
104 147
104 148
104 169
104 170
104 180
105 113
105 137
105 146
105 179
105 196
106 116
106 120
106 136
106 137
106 138
106 140
106 148
106 150
106 160
106 165
106 195
106 196
107 110
107 115
107 119
107 125
107 147
107 166
107 172
107 193
108 115
108 119
108 120
108 152
108 164
109 118
109 120
109 125
109 154
109 171
109 176
109 188
109 195
110 115
110 133
110 152
110 161
110 171
110 180
111 113
111 183
111 184
111 188
112 119
112 121
112 125
112 134
112 136
112 141
112 145
112 149
112 157
112 164
113 116
113 128
113 159
113 186
114 116
114 119
114 138
114 160
114 170
114 173
114 189
115 116
115 150
115 183
115 197
116 122
116 139
116 140
116 168
116 171
117 124
117 137
117 141
117 164
117 172
117 176
117 191
118 151
118 154
118 192
119 124
119 154
119 167
119 176
119 182
120 150
120 180
120 185
120 194
121 146
121 157
121 169
121 173
121 187
122 127
122 136
122 174
122 175
122 197
123 125
123 155
123 156
123 160
123 172
123 179
123 181
123 184
123 195
123 198
124 145
124 149
124 176
124 198
125 134
125 138
125 144
125 158
125 167
125 184
125 197
126 129
126 137
126 164
126 182
126 187
127 133
127 144
127 146
127 157
127 166
127 183
127 198
128 152
128 180
128 191
129 138
129 173
129 178
130 133
130 137
130 140
130 148
130 177
130 182
131 132
131 151
131 191
131 192
131 196
132 159
132 168
132 173
132 175
132 176
132 180
132 188
133 134
133 149
133 163
133 173
133 199
134 135
134 138
134 158
134 159
134 163
134 169
134 179
134 191
134 194
134 196
135 151
135 163
135 185
135 190
136 144
136 149
136 174
136 189
137 152
137 161
137 166
137 167
137 179
137 180
137 193
138 144
138 145
138 154
138 166
138 186
138 199
139 141
139 152
139 171
139 174
139 179
139 194
140 146
140 153
140 154
140 168
140 179
140 183
140 189
141 144
141 153
141 155
141 180
141 182
142 148
142 160
142 173
143 156
143 159
143 165
143 167
143 175
143 188
143 194
144 151
144 156
144 159
144 168
144 178
145 159
145 173
145 181
146 148
146 149
146 195
147 149
147 154
147 167
147 179
148 152
148 153
148 155
148 186
148 196
149 163
149 174
149 182
150 155
150 166
150 170
150 174
150 190
151 156
151 162
151 166
151 175
151 176
151 198
152 162
152 182
152 187
152 197
153 158
153 169
153 193
153 194
154 166
154 172
154 177
154 180
154 187
155 160
155 162
155 185
155 188
155 192
155 193
156 163
156 167
156 179
156 181
156 194
156 197
156 199
157 162
157 186
157 193
157 194
158 159
158 179
159 174
159 179
159 181
159 190
159 191
160 162
161 178
161 182
161 192
162 175
162 177
163 166
163 172
163 184
163 196
164 193
164 195
165 186
165 196
166 167
166 184
166 190
166 198
167 174
167 182
168 170
168 171
168 183
168 193
170 195
171 178
171 198
172 173
172 186
173 182
173 184
174 178
175 176
175 178
176 194
177 193
177 194
178 198
179 190
180 196
181 185
181 191
182 198
183 184
183 195
183 198
185 193
185 197
185 199
186 189
186 192
187 194
187 195
188 199
189 199
192 193
197 199
