200 1307 0.5
0 28
0 48
0 72
0 115
0 135
0 138
0 139
0 153
0 157
0 163
0 175
0 187
1 8
1 32
1 35
1 61
1 66
1 71
1 75
1 87
1 89
1 90
1 106
1 119
1 130
1 140
1 157
1 164
1 166
1 191
1 193
2 31
2 41
2 69
2 90
2 145
2 159
2 163
2 190
2 196
3 7
3 12
3 30
3 32
3 65
3 108
3 122
3 123
3 155
3 156
3 166
3 170
3 178
3 191
3 199
4 9
4 14
4 28
4 39
4 52
4 59
4 72
4 81
4 102
4 108
4 122
4 123
4 131
4 148
4 150
4 153
4 158
4 160
4 167
4 175
4 178
4 189
4 197
5 20
5 29
5 31
5 58
5 64
5 74
5 75
5 86
5 104
5 118
5 123
5 156
5 159
5 170
5 188
5 191
5 199
6 10
6 30
6 35
6 52
6 53
6 63
6 67
6 101
6 114
6 136
6 141
6 160
6 182
6 188
7 15
7 19
7 22
7 32
7 44
7 45
7 53
7 63
7 65
7 104
7 123
7 134
7 141
7 193
8 14
8 16
8 27
8 55
8 76
8 82
8 95
8 103
8 115
8 121
8 125
8 134
8 144
8 152
9 16
9 25
9 40
9 41
9 45
9 75
9 99
9 107
9 110
9 188
10 13
10 31
10 42
10 75
10 88
10 94
10 95
10 114
10 130
10 151
10 163
10 169
10 183
10 184
10 194
11 27
11 33
11 35
11 50
11 82
11 133
11 134
11 135
11 143
11 147
11 160
11 162
11 163
11 166
12 22
12 26
12 55
12 64
12 102
12 112
12 136
12 154
12 167
12 197
13 62
13 72
13 73
13 80
13 103
13 130
13 184
13 185
13 197
13 198
14 17
14 25
14 30
14 83
14 102
14 138
14 145
14 148
14 167
14 197
14 198
15 23
15 28
15 31
15 36
15 38
15 39
15 53
15 60
15 69
15 77
15 123
15 124
15 128
15 130
16 18
16 79
16 98
16 110
16 111
16 114
16 115
16 116
16 153
16 165
16 169
16 174
16 178
17 19
17 55
17 64
17 70
17 142
17 151
17 180
18 20
18 61
18 76
18 83
18 90
18 91
19 27
19 35
19 39
19 42
19 61
19 85
19 97
19 104
19 107
19 116
19 131
19 135
19 150
19 154
19 160
19 162
19 163
19 181
20 40
20 48
20 60
20 74
20 81
20 82
20 87
20 91
20 92
20 101
20 147
20 156
20 171
20 177
20 190
21 28
21 91
21 95
21 97
21 98
21 100
21 139
21 143
21 149
21 166
21 192
21 194
22 36
22 39
22 47
22 57
22 77
22 80
22 87
22 90
22 106
22 123
22 147
22 160
22 165
22 170
22 178
22 193
23 30
23 38
23 39
23 49
23 74
23 83
23 109
23 120
23 177
23 195
24 29
24 60
24 78
24 102
24 105
24 114
24 128
24 149
24 160
24 164
24 174
25 31
25 45
25 74
25 79
25 87
25 94
25 98
25 103
25 111
25 128
25 137
25 138
25 147
25 148
25 149
25 168
25 181
25 184
25 193
26 30
26 44
26 57
26 61
26 103
26 122
26 124
26 135
26 162
26 175
27 61
27 88
27 106
27 122
27 123
27 142
27 143
27 174
27 184
28 48
28 58
28 60
28 72
28 78
28 83
28 103
28 111
28 113
28 124
28 135
28 154
28 172
28 173
28 184
28 185
28 195
29 45
29 62
29 70
29 91
29 97
29 136
29 139
29 140
29 152
29 157
29 160
29 164
29 169
29 170
29 183
29 188
30 32
30 39
30 45
30 79
30 125
30 135
30 154
30 159
30 166
30 168
30 175
30 182
30 185
31 41
31 53
31 59
31 73
31 90
31 104
31 108
31 128
31 165
31 168
31 172
31 174
31 182
31 194
32 41
32 64
32 90
32 97
32 114
33 66
33 74
33 77
33 94
33 178
33 188
33 197
33 198
34 36
34 39
34 44
34 56
34 66
34 96
34 113
34 114
34 126
34 132
34 133
34 141
34 146
34 157
34 181
34 196
35 61
35 77
35 84
35 89
35 91
35 115
35 118
35 122
35 124
35 130
35 135
35 140
35 142
35 178
35 180
35 197
36 99
36 114
36 122
36 125
36 130
36 149
36 159
36 163
36 188
37 69
37 79
37 107
37 156
37 158
37 159
37 173
37 178
37 180
38 47
38 49
38 50
38 54
38 65
38 95
38 97
38 107
38 127
38 136
38 167
38 173
38 191
39 52
39 67
39 71
39 88
39 98
39 104
39 105
39 117
39 125
39 138
39 140
39 186
39 195
40 74
40 77
40 92
40 104
40 105
40 135
40 146
40 152
40 158
40 188
40 198
41 104
41 116
41 128
41 155
41 195
42 52
42 93
42 99
42 123
42 155
42 181
42 197
43 46
43 76
43 88
43 107
43 116
43 119
43 149
43 150
43 191
44 54
44 56
44 76
44 85
44 98
44 104
44 126
44 129
44 131
44 156
44 189
45 91
45 126
45 134
45 145
45 146
45 148
45 170
45 171
45 195
45 196
46 60
46 64
46 79
46 81
46 82
46 93
46 96
46 101
46 102
46 110
46 128
46 174
46 176
47 54
47 68
47 74
47 93
47 111
47 138
47 156
47 174
47 181
47 191
48 58
48 78
48 82
48 84
48 91
48 119
48 127
48 147
48 183
48 188
48 192
49 50
49 84
49 101
49 113
49 123
49 152
49 165
49 191
50 59
50 64
50 72
50 73
50 84
50 104
50 130
50 155
50 161
50 172
50 186
50 199
51 52
51 80
51 111
51 114
51 158
51 165
51 167
51 175
51 179
51 188
51 192
52 63
52 74
52 77
52 103
52 109
52 128
52 132
52 145
52 153
52 168
52 173
53 56
53 89
53 93
53 100
53 113
53 120
53 124
53 129
53 141
53 184
53 188
53 189
53 197
53 199
54 64
54 65
54 69
54 84
54 140
54 142
54 150
54 166
54 191
55 108
55 117
55 175
55 193
56 57
56 69
56 71
56 74
56 80
56 111
56 112
56 134
56 145
56 157
56 160
56 171
56 183
57 151
57 195
58 78
58 85
58 86
58 95
58 103
58 116
58 127
58 139
58 155
58 156
58 157
58 166
58 171
58 184
59 105
59 123
59 126
59 135
59 149
59 166
59 174
59 177
59 199
60 62
60 63
60 64
60 66
60 74
60 93
60 131
60 133
60 156
60 178
60 186
60 190
61 64
61 79
61 84
61 102
61 118
61 135
61 138
61 153
61 160
61 168
61 171
61 175
61 180
62 96
62 107
62 125
62 148
62 174
62 191
63 67
63 68
63 78
63 86
63 114
63 165
63 169
63 174
64 82
64 88
64 93
64 100
64 113
64 150
64 171
64 172
64 173
65 69
65 81
65 102
65 109
65 114
65 126
65 149
65 155
65 160
65 194
66 76
66 99
66 126
66 137
66 143
66 172
66 187
66 188
66 197
67 69
67 80
67 98
67 109
67 116
67 121
67 124
67 159
67 170
67 184
68 143
68 154
68 168
68 173
69 82
69 88
69 133
69 154
69 180
69 193
70 78
70 83
70 145
70 166
70 172
70 187
70 197
71 115
71 120
71 122
71 125
71 178
71 183
71 188
71 199
72 75
72 88
72 92
72 123
72 158
72 171
72 173
72 175
72 178
72 182
72 187
72 189
73 98
73 103
73 127
73 141
73 143
73 156
73 163
73 183
74 94
74 110
74 121
74 155
74 198
75 82
75 85
75 87
75 105
75 108
75 111
75 130
75 138
75 146
75 148
75 150
75 178
76 122
76 134
76 135
76 154
76 182
77 123
77 145
77 148
77 151
77 161
77 168
77 171
77 182
78 93
78 114
78 127
78 139
78 155
78 159
78 184
79 83
79 112
79 120
79 122
79 130
79 157
79 163
79 167
79 191
79 197
80 85
80 99
80 101
80 122
80 155
80 182
80 195
81 115
81 117
81 124
81 129
81 156
81 176
81 188
82 102
82 125
82 142
82 147
82 150
82 151
82 163
82 168
82 197
83 90
83 108
83 119
83 127
83 142
83 143
83 172
83 186
84 89
84 90
84 93
84 101
84 123
84 136
84 166
85 88
85 125
85 137
85 141
85 143
85 147
85 150
85 151
86 108
86 114
86 136
86 137
86 141
86 148
86 171
86 174
86 184
87 95
87 120
87 136
87 154
87 160
87 167
87 168
87 193
88 98
88 99
88 144
88 154
88 155
88 169
88 185
89 97
89 99
89 126
89 170
89 180
89 189
89 192
89 195
89 197
90 91
90 94
90 103
90 109
90 115
90 123
90 137
90 194
91 97
91 111
91 117
91 147
91 168
91 181
92 101
92 120
92 179
92 188
93 109
93 114
93 146
93 147
93 160
93 167
93 183
94 99
94 109
94 158
94 176
94 186
94 194
94 197
94 199
95 113
95 144
95 150
95 151
95 158
95 162
95 165
95 180
96 97
96 117
96 125
96 139
96 183
97 103
97 113
97 141
97 157
97 163
97 172
97 183
97 184
98 103
98 137
98 153
98 156
98 159
98 170
98 193
99 123
99 146
99 183
100 127
100 141
100 173
100 185
100 195
100 196
101 105
101 118
101 152
101 165
101 171
101 172
102 119
102 141
102 147
102 165
102 167
102 169
103 122
103 129
103 157
103 164
103 185
104 128
104 140
104 147
104 149
104 174
104 183
104 191
104 198
105 157
105 171
105 172
106 112
106 133
106 144
106 148
106 173
107 114
107 115
107 141
107 146
107 167
108 140
108 197
109 122
109 144
109 152
109 167
109 173
109 175
109 176
109 187
110 113
110 135
110 145
110 146
110 149
110 153
110 161
110 169
110 174
111 123
111 186
111 190
111 197
112 141
112 166
112 170
112 175
113 125
113 152
114 132
114 137
114 148
114 156
114 159
114 163
115 162
115 171
115 175
115 183
115 184
115 186
115 194
116 148
116 161
116 168
117 118
117 175
117 184
118 124
118 126
118 158
118 160
118 177
119 136
119 154
119 168
119 187
120 132
120 156
120 169
121 150
121 181
121 194
122 127
122 158
122 159
122 168
122 172
122 173
122 184
122 187
122 189
122 197
123 149
123 162
123 167
124 126
124 130
124 171
124 179
124 180
124 181
124 182
124 187
125 153
125 196
126 127
126 133
126 135
126 156
126 194
126 197
127 135
127 141
127 157
127 161
127 172
128 133
128 151
128 157
128 161
128 163
129 152
129 173
129 181
129 183
130 152
130 155
130 157
130 162
130 199
131 155
131 160
131 174
131 182
131 193
132 141
132 167
132 176
132 179
132 183
132 185
132 193
133 192
134 154
134 190
134 199
135 138
135 184
136 156
136 171
137 168
137 173
137 178
137 184
138 151
138 153
138 156
138 172
138 178
138 182
138 190
139 156
140 146
141 150
141 154
141 156
141 158
141 175
141 186
142 155
142 184
143 184
144 148
144 150
144 164
144 167
144 172
145 148
145 152
145 172
145 192
145 197
146 154
146 187
146 194
146 196
146 197
147 156
148 178
149 172
149 178
149 188
150 159
150 168
151 171
151 177
152 153
152 154
152 162
152 165
152 180
152 185
152 196
153 160
153 175
153 190
154 167
154 174
154 192
155 199
156 160
156 174
156 189
156 192
157 170
158 168
158 173
158 183
159 175
160 161
160 162
160 183
161 169
161 171
161 182
161 187
162 194
163 179
163 198
164 186
164 188
165 185
166 182
166 189
167 175
167 176
167 181
167 197
168 190
169 175
169 179
170 172
170 199
172 186
173 187
174 177
174 178
174 186
175 178
176 194
177 193
177 196
179 195
180 181
181 195
182 183
187 191
187 194
187 197
192 197
