200 1830 0.2
0 2
0 10
0 23
0 26
0 32
0 48
0 63
0 75
0 79
0 81
0 94
0 96
0 99
0 106
0 123
0 156
0 166
0 167
0 174
0 177
0 193
1 3
1 4
1 25
1 26
1 29
1 43
1 45
1 48
1 62
1 66
1 74
1 79
1 80
1 90
1 92
1 106
1 120
1 149
1 160
1 184
1 193
2 6
2 9
2 35
2 36
2 42
2 52
2 57
2 68
2 92
2 95
2 109
2 117
2 123
2 133
2 139
2 168
2 170
2 174
2 177
2 181
2 197
3 8
3 16
3 39
3 40
3 69
3 79
3 82
3 86
3 97
3 104
3 120
3 136
3 142
3 146
3 147
3 154
3 159
3 171
4 5
4 10
4 11
4 13
4 17
4 26
4 40
4 42
4 46
4 58
4 68
4 86
4 87
4 95
4 113
4 125
4 128
4 137
4 140
4 144
4 149
4 169
4 174
4 184
4 188
5 6
5 24
5 36
5 37
5 64
5 73
5 81
5 101
5 117
5 130
5 137
5 140
5 143
5 150
5 155
5 156
5 183
5 193
6 9
6 35
6 48
6 57
6 60
6 70
6 71
6 98
6 104
6 148
6 153
6 155
6 159
6 162
6 184
6 189
6 198
7 22
7 43
7 47
7 55
7 71
7 73
7 96
7 97
7 121
7 125
7 131
7 138
7 140
7 146
7 190
7 194
8 10
8 30
8 47
8 52
8 59
8 70
8 78
8 83
8 99
8 100
8 121
8 133
8 146
8 153
8 154
8 185
8 187
9 22
9 35
9 39
9 45
9 49
9 50
9 59
9 65
9 68
9 75
9 85
9 95
9 150
9 158
9 187
9 189
9 194
9 195
10 41
10 62
10 94
10 108
10 109
10 128
10 133
10 142
10 155
10 158
10 163
10 173
10 179
10 182
10 183
10 191
10 198
11 13
11 15
11 42
11 52
11 70
11 96
11 102
11 104
11 114
11 155
11 164
11 180
11 190
11 199
12 29
12 31
12 35
12 40
12 46
12 51
12 54
12 60
12 74
12 77
12 97
12 104
12 107
12 119
12 129
12 133
12 140
12 150
12 164
12 172
12 174
12 181
12 191
12 197
13 32
13 51
13 56
13 62
13 77
13 84
13 100
13 109
13 124
13 126
13 138
13 156
13 165
13 183
13 189
14 15
14 17
14 19
14 20
14 22
14 33
14 36
14 51
14 75
14 77
14 83
14 84
14 101
14 120
14 139
14 140
14 157
14 170
15 28
15 34
15 39
15 51
15 52
15 53
15 54
15 104
15 114
15 115
15 140
15 141
15 142
15 144
15 146
15 154
15 156
16 19
16 26
16 34
16 48
16 66
16 109
16 116
16 136
16 137
16 143
16 169
16 176
16 180
16 185
16 186
16 189
16 198
17 25
17 32
17 39
17 43
17 50
17 53
17 68
17 77
17 81
17 95
17 98
17 101
17 106
17 110
17 114
17 133
17 147
17 157
17 190
17 195
18 98
18 119
18 126
18 127
18 171
18 177
18 187
18 194
18 195
19 35
19 41
19 64
19 71
19 76
19 110
19 114
19 120
19 155
19 157
19 178
19 182
20 26
20 44
20 77
20 100
20 105
20 108
20 109
20 111
20 113
20 128
20 140
20 142
20 158
20 176
20 185
21 33
21 58
21 60
21 82
21 91
21 93
21 98
21 99
21 121
21 140
21 151
21 159
21 192
21 199
22 28
22 35
22 36
22 38
22 46
22 67
22 72
22 81
22 117
22 126
22 147
22 155
22 170
22 172
22 174
22 190
22 193
23 33
23 51
23 68
23 78
23 92
23 99
23 108
23 113
23 125
23 172
23 174
23 188
24 50
24 55
24 69
24 80
24 91
24 96
24 116
24 121
24 122
24 124
24 130
24 168
25 37
25 53
25 57
25 84
25 87
25 90
25 91
25 93
25 94
25 142
25 145
25 150
25 151
25 153
25 160
25 161
25 181
25 184
26 40
26 43
26 46
26 50
26 71
26 76
26 77
26 78
26 79
26 83
26 99
26 112
26 120
26 136
26 146
26 148
26 165
26 169
26 173
26 193
26 196
27 29
27 34
27 43
27 68
27 77
27 86
27 99
27 104
27 112
27 113
27 119
27 123
27 130
27 138
27 147
27 158
27 170
27 181
28 41
28 76
28 100
28 116
28 117
28 118
28 122
28 126
28 144
28 155
28 162
28 164
28 176
28 190
29 48
29 57
29 58
29 60
29 70
29 72
29 96
29 106
29 107
29 121
29 124
29 139
29 143
29 153
29 154
29 169
29 172
29 182
29 186
30 33
30 37
30 63
30 88
30 95
30 108
30 110
30 119
30 121
30 123
30 128
30 131
30 133
30 139
30 141
30 148
30 151
30 161
30 183
30 188
30 190
30 192
31 32
31 34
31 37
31 53
31 56
31 61
31 75
31 99
31 102
31 104
31 109
31 113
31 132
31 137
31 150
31 198
32 38
32 40
32 43
32 58
32 65
32 77
32 84
32 86
32 91
32 117
32 149
32 165
32 185
32 194
33 42
33 58
33 59
33 60
33 63
33 67
33 68
33 98
33 101
33 102
33 111
33 112
33 125
33 126
33 130
33 131
33 139
33 145
33 158
33 171
33 174
33 186
33 192
34 62
34 78
34 85
34 86
34 98
34 116
34 118
34 147
34 152
34 181
34 191
34 194
35 44
35 45
35 46
35 56
35 60
35 70
35 73
35 81
35 124
35 133
35 160
35 169
35 180
35 197
36 48
36 51
36 57
36 62
36 67
36 93
36 105
36 109
36 131
36 132
36 133
36 162
36 175
36 179
37 45
37 52
37 79
37 102
37 124
37 130
37 142
37 156
37 158
37 180
37 186
37 194
38 48
38 50
38 54
38 55
38 58
38 59
38 70
38 80
38 91
38 123
38 127
38 140
38 154
38 171
38 177
38 186
38 192
38 194
38 198
39 45
39 86
39 91
39 95
39 96
39 100
39 102
39 119
39 129
39 137
39 138
39 139
39 143
39 148
39 150
39 167
39 168
39 181
39 185
39 195
39 197
40 43
40 60
40 69
40 100
40 116
40 117
40 120
40 124
40 129
40 146
40 147
40 151
40 155
40 166
40 167
40 190
41 42
41 44
41 50
41 62
41 80
41 89
41 92
41 110
41 112
41 113
41 114
41 125
41 129
41 135
41 146
41 147
41 167
42 69
42 79
42 80
42 82
42 96
42 100
42 112
42 117
42 122
42 137
42 151
42 152
42 154
42 168
42 188
43 47
43 71
43 98
43 100
43 105
43 126
43 127
43 144
43 145
43 158
43 172
43 174
43 176
43 183
43 195
44 54
44 70
44 79
44 91
44 102
44 105
44 115
44 124
44 125
44 130
44 140
44 149
44 151
45 61
45 76
45 83
45 94
45 96
45 103
45 123
45 126
45 128
45 147
45 148
45 168
45 173
45 174
45 197
46 58
46 127
46 154
46 159
46 165
46 167
46 170
46 172
47 53
47 59
47 61
47 69
47 70
47 86
47 89
47 98
47 105
47 128
47 132
47 141
47 163
47 171
47 176
47 180
47 198
48 55
48 59
48 67
48 70
48 83
48 103
48 107
48 117
48 134
48 135
48 139
48 171
48 175
48 198
49 60
49 84
49 91
49 93
49 101
49 118
49 166
49 170
49 179
49 190
50 56
50 79
50 110
50 116
50 120
50 135
50 153
50 169
50 174
51 56
51 70
51 97
51 98
51 99
51 122
51 124
51 125
51 128
51 133
51 142
51 158
51 180
51 196
52 75
52 78
52 86
52 100
52 101
52 102
52 105
52 116
52 121
52 128
52 131
52 162
52 180
52 182
52 186
52 188
52 190
52 191
52 199
53 56
53 74
53 75
53 89
53 121
53 128
53 138
53 142
53 148
53 150
53 185
53 188
54 59
54 74
54 84
54 87
54 88
54 90
54 93
54 98
54 116
54 120
54 127
54 129
54 131
54 148
54 155
54 156
54 166
54 169
54 177
54 179
54 188
54 197
55 63
55 84
55 100
55 103
55 116
55 132
55 136
55 147
55 158
55 160
55 175
56 61
56 67
56 89
56 98
56 103
56 118
56 123
56 138
56 140
56 161
56 162
56 172
56 180
56 182
56 185
56 187
56 195
57 58
57 77
57 104
57 113
57 120
57 133
57 140
57 144
57 159
57 163
57 170
57 183
57 195
57 199
58 62
58 76
58 80
58 139
58 148
58 180
58 181
58 188
58 198
59 76
59 82
59 95
59 97
59 98
59 107
59 116
59 118
59 140
59 176
59 189
59 198
60 61
60 78
60 118
60 134
60 147
60 174
60 175
60 199
61 73
61 102
61 112
61 114
61 115
61 165
61 166
61 183
62 63
62 69
62 83
62 92
62 96
62 102
62 125
62 132
62 137
62 161
62 173
63 65
63 71
63 72
63 75
63 80
63 102
63 116
63 117
63 124
63 136
63 140
63 196
63 199
64 66
64 90
64 112
64 132
64 137
64 143
64 147
64 163
64 185
64 186
64 190
64 191
64 199
65 72
65 75
65 95
65 98
65 104
65 107
65 116
65 131
65 158
65 167
65 184
65 188
65 194
65 198
66 118
66 120
66 128
66 133
66 144
66 155
66 198
67 78
67 82
67 90
67 99
67 103
67 127
67 150
67 153
67 184
67 193
67 196
68 69
68 75
68 98
68 111
68 112
68 115
68 131
68 188
68 194
68 195
69 71
69 81
69 86
69 109
69 122
69 134
69 162
69 181
69 186
70 73
70 74
70 77
70 95
70 104
70 118
70 138
70 151
70 153
70 164
70 168
71 73
71 79
71 82
71 89
71 113
71 131
71 132
71 135
71 138
71 142
71 145
71 148
71 163
71 173
71 185
71 186
71 198
72 77
72 78
72 80
72 88
72 93
72 110
72 135
72 137
72 168
72 174
73 80
73 112
73 132
73 144
73 159
73 160
73 168
73 173
73 176
74 81
74 90
74 99
74 108
74 116
74 127
74 142
74 145
74 149
74 151
74 153
74 168
74 170
74 176
74 179
74 191
74 192
74 195
75 83
75 91
75 94
75 115
75 117
75 120
75 122
75 130
75 164
75 165
75 171
76 85
76 110
76 115
76 116
76 131
76 135
76 141
76 172
76 175
76 176
76 177
76 178
76 197
77 91
77 92
77 191
78 88
78 106
78 115
78 122
78 140
78 159
78 169
78 192
78 193
79 97
79 103
79 106
79 109
79 113
79 115
79 116
79 122
79 125
79 150
79 154
79 170
79 173
79 181
80 85
80 88
80 91
80 108
80 115
80 123
80 185
80 190
80 194
81 88
81 115
81 133
81 155
81 159
81 162
81 166
81 176
82 88
82 107
82 108
82 113
82 138
82 159
82 163
82 178
82 191
83 97
83 111
83 122
83 130
83 131
83 147
83 148
83 165
83 179
83 188
83 196
84 145
84 183
84 188
84 194
85 122
85 125
85 126
85 155
85 174
85 195
86 143
86 147
86 168
86 170
86 172
86 179
86 189
87 93
87 112
87 136
88 94
88 102
88 113
88 114
88 134
88 138
88 139
88 152
88 165
88 166
88 177
88 178
89 104
89 150
89 154
89 158
89 159
89 166
90 109
90 114
90 123
90 130
90 136
90 164
90 167
90 176
90 193
90 195
90 199
91 104
91 105
91 117
91 119
91 126
91 131
91 134
91 172
91 189
92 104
92 129
92 137
92 145
92 158
92 176
92 178
92 182
92 185
92 189
92 191
93 134
93 135
93 142
93 147
93 169
93 172
93 186
93 198
93 199
94 98
94 108
94 111
94 114
94 115
94 118
94 121
94 125
94 144
94 148
94 154
94 172
94 191
94 193
94 197
95 99
95 109
95 113
95 120
95 121
95 123
95 126
95 155
95 164
95 179
95 181
96 97
96 153
96 159
96 165
96 196
96 197
96 198
97 122
97 147
97 151
97 154
97 156
97 157
98 108
98 120
98 123
98 124
98 133
98 138
98 157
98 160
98 177
98 191
98 195
99 110
99 114
99 124
99 128
99 141
99 148
99 149
99 156
99 177
99 180
99 193
99 195
100 109
100 116
100 119
100 120
100 121
100 122
100 124
100 133
100 149
100 150
100 153
100 155
100 177
100 196
101 108
101 127
101 128
101 133
101 136
101 138
101 155
101 166
101 168
101 177
101 179
101 190
101 197
102 104
102 107
102 143
102 146
102 153
102 171
102 183
103 104
103 106
103 116
103 120
103 124
103 130
103 137
103 141
103 146
103 156
103 163
104 105
104 111
104 121
104 127
104 139
104 146
104 149
104 171
104 174
104 181
104 195
104 198
104 199
105 109
105 114
105 130
105 131
105 165
105 174
105 177
105 186
106 107
106 109
106 111
106 117
106 171
106 181
106 185
106 188
106 195
107 119
107 128
107 133
107 148
107 162
107 163
107 164
107 166
107 170
107 188
107 192
108 109
108 126
108 137
108 146
108 153
108 160
108 191
109 118
109 145
109 150
109 155
109 181
110 117
110 126
110 142
110 156
110 158
110 164
110 180
110 196
111 163
111 175
111 185
111 193
111 197
112 134
112 135
112 139
112 142
112 144
112 156
112 163
112 174
112 177
112 188
112 189
112 190
112 198
113 118
113 129
113 132
113 136
113 141
113 142
113 176
113 197
113 199
114 115
114 133
114 143
114 151
114 152
114 164
114 192
115 127
115 139
115 149
115 153
115 176
115 181
115 193
115 196
116 118
116 126
116 139
116 165
116 196
117 133
117 145
117 156
117 157
117 179
117 182
117 187
118 119
118 124
118 137
118 139
118 145
118 167
118 184
118 194
119 132
119 141
119 144
119 166
119 168
119 175
119 185
119 190
120 137
120 139
120 159
120 187
120 190
120 194
120 196
121 123
121 126
121 140
121 174
121 180
121 198
122 125
122 151
122 160
122 164
122 167
122 169
122 171
122 175
122 197
123 125
123 136
123 139
123 150
123 167
123 169
123 172
123 177
123 181
123 188
123 190
124 127
124 132
124 135
124 137
124 151
124 164
124 165
124 168
125 133
125 150
125 162
125 164
125 165
125 179
125 185
125 189
125 195
126 134
126 135
126 145
126 176
127 141
127 158
127 170
128 130
128 132
128 133
128 135
128 137
128 152
128 157
128 159
128 175
128 181
128 182
128 188
129 131
129 145
129 146
129 151
129 163
129 168
129 192
129 198
130 156
130 160
130 162
130 174
130 187
130 199
131 154
131 161
131 163
131 174
131 180
131 183
131 185
132 133
132 181
132 187
133 134
133 150
133 156
133 158
133 180
133 191
133 199
134 138
134 144
134 162
134 167
134 175
134 188
136 137
136 148
136 149
136 159
136 168
136 170
136 187
136 190
137 145
137 151
137 161
137 164
137 167
137 169
138 141
138 143
138 151
138 155
138 156
138 180
138 181
138 182
138 197
139 147
139 150
139 159
139 175
139 179
139 181
139 192
140 163
140 184
140 186
141 157
141 160
141 172
141 182
142 148
142 160
142 172
143 159
143 170
143 178
143 185
143 186
144 150
144 154
144 157
144 180
144 184
144 185
144 186
144 193
144 197
145 154
145 173
145 176
145 199
146 159
146 165
146 170
146 189
146 190
146 191
146 193
146 199
147 156
147 175
147 178
147 182
147 188
147 189
147 193
148 149
148 182
148 195
148 198
149 152
149 153
149 165
149 179
149 198
150 155
150 183
150 191
151 159
151 166
151 178
151 191
152 165
152 168
152 190
153 165
153 171
153 176
153 186
154 163
154 174
154 183
156 171
156 173
156 174
156 185
157 158
157 167
159 166
159 194
160 167
160 174
160 182
160 190
160 197
161 170
161 174
161 180
161 184
161 188
162 166
162 181
163 167
163 169
163 185
163 190
163 196
165 166
165 171
165 181
165 184
165 198
166 170
166 181
166 182
166 184
166 194
166 195
167 181
167 182
167 197
168 174
168 181
168 198
169 177
169 185
169 188
169 192
170 184
170 198
171 180
171 181
171 188
171 189
171 194
171 196
172 179
172 191
172 196
172 199
173 174
173 183
173 189
174 175
174 183
174 197
175 180
175 181
175 192
176 181
176 183
176 187
176 189
176 193
177 180
177 192
178 186
178 193
178 196
179 190
179 193
179 196
179 197
179 199
181 182
181 186
183 197
184 189
184 194
186 192
187 194
187 196
188 195
189 196
