200 1013 0.2
0 33
0 54
0 57
0 58
0 85
0 100
0 107
0 117
0 139
0 159
0 165
1 17
1 46
1 48
1 55
1 56
1 195
2 7
2 36
2 52
2 61
2 82
2 87
2 122
2 129
2 132
2 133
2 154
2 159
2 168
2 179
2 189
2 190
3 45
3 141
3 154
3 161
4 62
4 102
4 108
4 118
4 123
4 132
4 136
4 169
4 176
4 188
5 29
5 35
5 39
5 70
5 102
5 134
5 169
6 26
6 32
6 37
6 64
6 84
6 96
6 107
6 109
6 178
6 198
7 15
7 50
7 63
7 72
7 74
7 78
7 79
7 110
8 15
8 58
8 91
8 104
8 128
8 144
9 34
9 41
9 59
9 89
9 90
9 92
9 141
9 158
9 186
9 188
10 116
10 143
10 154
10 171
10 184
11 15
11 35
11 37
11 56
11 69
11 78
11 93
11 108
11 114
11 153
11 193
12 17
12 21
12 26
12 28
12 37
12 72
12 90
12 118
12 131
12 143
12 156
13 40
13 126
13 147
13 159
13 162
13 180
14 37
14 60
14 77
14 102
14 172
15 28
15 29
15 30
15 72
15 77
15 85
15 86
15 91
15 127
15 169
15 173
16 18
16 51
16 62
16 106
16 116
16 137
16 140
16 152
16 183
16 194
16 197
17 26
17 48
17 64
17 70
17 86
17 169
17 178
18 67
18 90
18 94
18 102
18 107
18 124
18 165
18 185
18 194
19 72
19 78
19 116
19 135
19 143
19 144
19 148
19 152
19 159
19 190
19 191
19 198
20 27
20 33
20 63
20 77
20 93
20 109
20 113
20 126
20 146
20 152
20 157
21 24
21 28
21 30
21 36
21 51
21 69
21 87
21 105
21 107
21 117
22 36
22 47
22 85
22 95
22 110
22 115
22 118
22 119
22 131
22 143
22 162
22 171
23 25
23 38
23 48
23 63
23 90
23 103
23 107
23 118
23 121
23 129
23 130
23 131
23 138
23 151
23 183
23 190
23 196
24 59
24 86
24 103
24 110
24 121
24 132
24 159
24 177
25 29
25 35
25 59
25 70
25 107
25 110
25 115
25 139
25 150
25 151
25 168
25 191
26 34
26 71
26 94
26 128
26 147
26 173
26 182
26 184
26 199
27 56
27 79
27 106
27 107
27 129
27 161
27 171
28 46
28 91
28 95
28 111
28 121
28 125
28 130
28 131
28 169
28 186
29 41
29 77
29 81
29 105
29 134
29 156
29 162
29 169
29 187
30 43
30 56
30 79
30 92
30 130
30 156
30 169
30 172
31 33
31 49
31 64
31 137
31 166
31 178
31 190
32 59
32 62
32 63
32 68
32 74
32 98
32 102
32 137
32 153
32 187
33 36
33 49
33 56
33 81
33 89
33 91
33 94
33 95
33 110
33 130
33 161
33 199
34 62
34 64
34 65
34 69
34 83
34 87
34 109
34 172
35 44
35 51
35 61
35 69
35 79
35 95
35 129
35 131
35 142
35 150
35 164
35 165
35 184
35 188
35 195
35 197
36 54
36 63
36 68
36 79
36 82
36 89
36 104
36 107
36 127
36 150
36 154
36 158
36 160
36 181
36 182
36 189
37 49
37 54
37 57
37 109
37 110
37 123
37 126
37 129
37 130
37 170
37 172
37 183
37 185
37 190
38 72
38 73
38 102
38 114
38 123
38 130
38 149
38 181
39 82
39 86
39 101
39 103
39 125
39 134
39 151
39 199
40 53
40 68
40 75
40 122
40 173
41 55
41 89
41 111
41 139
41 155
41 167
41 177
41 179
41 188
41 194
42 48
42 50
42 57
42 60
42 66
42 67
42 102
42 153
42 193
43 51
43 62
43 81
43 86
43 102
43 160
44 84
44 121
44 173
45 78
45 82
45 91
45 98
45 119
45 122
45 152
45 180
45 189
46 67
46 95
46 126
46 135
46 138
46 192
46 193
47 78
47 116
47 131
47 171
47 196
48 61
48 73
48 82
48 102
48 125
48 144
49 95
49 120
49 136
49 143
49 161
49 192
49 199
50 77
50 78
50 98
50 102
50 140
50 146
50 175
50 181
51 84
51 101
51 115
51 139
51 157
51 169
51 185
51 195
52 61
52 95
52 130
52 155
52 159
53 55
53 70
53 84
53 102
53 107
53 162
54 116
54 145
54 164
54 176
55 145
55 160
55 185
56 80
56 98
56 104
56 106
56 113
56 115
56 149
56 178
56 179
56 189
57 70
57 115
57 134
57 194
58 88
58 95
58 97
58 107
58 124
58 138
58 144
58 152
58 162
59 72
59 74
59 86
59 99
59 105
59 133
59 141
59 150
59 160
59 170
59 180
60 122
60 195
61 80
61 84
61 85
61 94
61 105
61 122
61 152
61 190
62 67
62 73
62 88
62 130
62 133
62 143
62 157
63 99
63 112
63 127
63 135
63 145
63 151
64 166
65 76
65 99
65 108
65 157
65 175
65 197
66 73
66 82
66 86
66 107
66 109
66 121
66 179
66 198
67 73
67 76
67 77
67 83
67 117
67 129
67 156
67 161
67 181
67 187
67 190
68 94
68 97
68 114
68 131
68 158
68 183
68 186
68 187
69 70
69 73
69 83
69 86
69 91
69 106
69 141
69 150
69 162
69 172
69 181
69 182
69 195
69 196
70 168
70 179
70 182
70 190
71 96
71 97
71 103
71 107
71 165
71 176
72 78
72 110
72 122
72 152
72 159
73 92
73 107
73 114
73 120
73 146
73 183
74 125
74 135
74 143
74 158
74 168
75 84
75 89
75 91
75 97
75 110
75 119
75 123
75 143
75 161
75 186
76 88
76 90
76 122
76 130
76 178
76 179
76 182
76 192
77 81
77 114
77 136
77 139
77 195
78 82
78 84
78 99
78 113
78 121
78 164
78 193
78 198
79 111
79 112
79 120
79 175
79 184
79 190
79 195
80 86
80 89
80 95
80 110
80 127
80 160
80 166
80 177
80 178
80 189
80 191
81 103
81 158
81 163
81 164
82 120
82 146
82 166
82 170
83 93
83 110
83 130
83 159
83 168
83 169
83 184
84 168
84 174
85 112
85 134
85 158
85 170
85 179
85 181
86 94
86 114
86 132
86 150
87 144
87 164
87 165
87 167
87 185
87 187
87 189
87 196
88 90
88 104
88 143
88 155
88 175
88 178
88 179
88 196
89 90
89 91
89 100
89 122
89 183
89 186
90 91
90 108
90 113
90 117
90 128
90 175
90 182
91 128
91 131
91 139
91 144
91 170
91 178
91 181
92 96
92 99
92 102
92 111
92 127
92 134
92 181
93 113
93 144
93 147
94 103
94 124
94 132
94 144
94 154
94 179
95 101
95 118
95 169
96 102
96 115
96 140
96 155
96 157
96 165
96 177
96 198
96 199
97 103
97 163
97 172
97 182
98 127
98 161
99 124
99 154
99 160
99 169
99 181
99 186
99 198
100 117
100 133
100 164
100 173
100 174
100 183
101 110
101 164
101 191
102 120
102 164
102 169
102 176
102 198
103 115
103 135
103 145
103 155
103 157
103 158
104 161
105 193
105 196
106 113
106 129
106 180
106 181
106 198
107 127
107 171
107 177
108 119
108 147
108 172
109 115
109 116
109 119
109 141
109 145
109 179
109 194
110 122
110 148
110 157
110 178
111 145
111 160
111 171
111 178
112 126
112 136
112 142
112 154
112 173
112 177
112 191
112 194
112 196
113 166
113 188
114 119
114 129
114 146
114 179
114 181
115 116
115 122
115 135
115 146
115 156
115 194
116 146
116 173
116 198
117 134
117 150
117 152
117 158
117 172
117 191
118 137
119 124
119 170
119 194
119 198
120 153
120 154
120 175
120 190
121 152
121 187
122 137
122 155
122 163
123 125
123 155
123 169
123 182
124 196
125 148
125 167
125 181
126 138
126 150
127 179
127 184
128 162
128 166
128 180
129 131
129 165
129 171
129 172
130 142
130 146
131 144
131 170
131 173
131 178
131 185
132 155
132 158
132 165
132 169
132 189
133 138
133 148
133 155
133 176
133 185
133 193
134 140
134 196
135 151
135 190
136 165
136 174
137 153
138 146
138 179
138 182
139 140
139 154
139 163
140 159
140 172
140 179
140 180
140 192
140 199
141 157
141 158
141 167
142 181
143 182
144 149
144 189
144 194
145 157
145 167
145 191
146 170
146 177
146 182
146 186
147 160
147 172
147 185
147 191
148 159
148 173
149 160
149 199
150 154
150 159
150 166
150 179
151 152
151 172
151 191
152 154
152 176
152 177
152 187
153 182
154 184
155 161
155 162
155 188
156 198
157 162
157 172
157 173
157 180
157 197
157 198
158 187
158 189
159 167
159 172
159 185
160 188
160 192
162 172
162 179
162 197
163 165
163 168
163 172
164 188
165 176
165 181
166 180
166 182
167 169
168 171
168 180
168 183
171 185
171 189
171 194
172 176
172 191
172 193
173 175
174 199
175 182
176 180
176 192
177 184
178 194
179 181
182 198
183 189
184 185
186 194
187 190
190 199
191 197
191 198
