100 249 0.2
0 6
0 14
0 39
0 45
0 54
1 18
1 20
1 23
1 54
1 94
2 22
2 44
2 51
2 54
2 94
3 10
3 32
3 73
4 17
4 29
4 30
4 48
4 86
5 11
5 27
5 39
6 42
6 45
6 73
6 75
6 86
6 97
7 42
7 58
8 19
8 21
8 22
8 51
8 89
8 98
9 39
9 46
9 82
10 20
10 49
10 69
10 82
10 84
10 89
11 29
11 30
11 35
11 41
11 58
11 82
11 88
12 31
12 89
12 97
13 27
13 63
13 95
14 25
14 54
14 58
14 66
14 89
14 91
15 44
15 62
15 68
15 73
16 34
16 35
16 41
16 69
16 74
16 75
16 81
17 51
17 94
18 22
18 33
18 70
19 27
19 82
19 87
19 95
20 84
21 24
21 65
22 53
22 58
22 60
23 35
23 54
23 61
23 68
23 69
23 88
23 98
24 30
24 32
24 69
25 35
26 33
26 45
26 64
26 85
26 90
27 35
27 81
28 45
28 61
28 73
28 95
29 57
29 93
30 32
30 34
30 47
30 51
30 65
30 69
31 35
31 37
31 72
31 79
32 44
32 61
32 81
33 41
33 63
33 66
33 80
33 82
34 73
35 48
35 67
35 72
35 85
36 81
36 99
37 40
37 45
37 57
37 94
37 96
38 44
38 88
38 90
39 63
39 72
39 97
40 46
40 64
41 48
41 69
41 89
42 49
42 62
42 92
43 55
43 99
44 57
45 57
45 59
45 74
45 76
45 93
45 98
46 53
46 84
47 58
47 59
47 72
47 96
48 53
49 61
49 63
50 95
51 91
51 97
52 75
52 78
53 92
54 65
54 73
54 90
55 82
55 83
56 62
57 75
57 81
58 79
58 93
58 96
59 64
59 68
59 72
59 88
60 64
60 66
60 69
61 77
62 64
63 82
63 99
64 68
64 71
64 78
64 82
64 87
64 96
66 68
66 89
66 97
67 86
67 99
68 75
68 78
68 91
68 95
69 73
69 86
70 99
71 72
72 85
72 93
73 98
74 77
74 89
75 85
75 88
76 77
77 90
77 95
77 99
79 88
79 98
80 89
80 92
82 97
83 92
84 94
86 95
92 95
93 98
96 98
