200 1242 0.8
0 10
0 62
0 63
0 91
0 103
0 150
0 164
0 173
1 30
1 48
1 83
1 130
1 140
1 154
1 166
1 199
2 36
2 39
2 58
2 92
2 122
2 129
2 130
2 132
2 134
2 160
2 161
2 163
2 174
2 184
3 6
3 60
3 63
3 69
3 72
3 76
3 85
3 93
3 106
3 149
3 175
3 182
4 17
4 22
4 27
4 36
4 41
4 62
4 80
4 81
4 103
4 109
4 118
4 125
4 136
4 172
4 187
4 189
5 37
5 42
5 60
5 67
5 73
5 83
5 87
5 93
5 110
5 172
5 182
5 183
5 188
6 12
6 24
6 31
6 43
6 55
6 59
6 68
6 71
6 91
6 111
6 146
6 148
6 181
7 17
7 34
7 53
7 62
7 69
7 80
7 84
7 112
7 120
7 152
7 163
7 187
7 193
8 10
8 34
8 50
8 79
8 81
8 106
8 107
8 109
8 118
8 127
8 138
8 139
8 146
8 150
8 154
8 183
8 197
9 41
9 42
9 95
9 101
9 112
9 124
9 130
9 143
9 173
9 178
9 191
10 15
10 96
10 127
10 129
10 142
10 144
10 149
10 160
10 175
10 176
10 177
10 189
10 191
11 12
11 42
11 58
11 82
11 116
12 22
12 57
12 64
12 67
12 92
12 129
12 139
12 159
12 161
12 193
12 195
13 20
13 32
13 43
13 81
13 113
13 118
13 119
13 125
13 131
13 135
13 165
13 170
14 36
14 40
14 47
14 50
14 76
14 87
14 108
14 112
14 123
14 128
14 174
15 31
15 34
15 57
15 59
15 83
15 92
15 103
15 107
15 122
15 155
15 158
15 171
15 175
15 191
15 192
16 39
16 81
16 89
16 91
16 101
16 119
16 140
16 176
16 190
16 191
17 48
17 57
17 62
17 73
17 79
17 81
17 129
17 135
18 46
18 56
18 66
18 105
18 108
18 116
18 121
18 175
18 191
18 199
19 36
19 40
19 43
19 47
19 96
19 148
19 162
19 164
19 180
19 195
20 41
20 76
20 118
20 123
20 164
20 169
20 172
21 32
21 43
21 45
21 48
21 52
21 64
21 67
21 97
21 107
21 117
21 138
21 171
21 193
22 25
22 80
22 89
22 106
22 121
22 164
22 174
22 179
22 187
22 192
23 81
23 115
23 120
23 121
23 122
23 127
23 135
23 157
23 173
23 198
24 25
24 26
24 63
24 83
24 133
24 168
24 175
24 190
25 72
25 78
25 85
25 95
25 101
25 104
25 109
25 129
25 131
25 141
25 193
26 40
26 66
26 83
26 90
26 92
26 150
26 156
26 159
26 181
26 183
26 184
26 185
26 198
27 28
27 59
27 77
27 78
27 93
27 103
27 107
27 127
27 149
27 167
27 186
27 199
28 39
28 46
28 52
28 70
28 93
28 122
28 125
28 135
28 152
28 157
28 193
29 70
29 90
29 91
29 142
29 183
30 42
30 47
30 50
30 67
30 70
30 116
30 121
30 124
30 129
30 131
30 147
30 153
30 172
30 197
31 34
31 64
31 73
31 82
31 115
31 125
31 137
31 161
31 173
31 177
31 192
31 196
32 49
32 57
32 66
32 100
32 102
32 110
32 112
32 123
32 148
32 152
32 159
32 165
32 168
32 169
33 42
33 71
33 94
33 113
33 140
33 155
33 193
33 195
34 71
34 77
34 101
34 107
34 110
34 114
34 122
34 147
34 163
34 180
34 188
34 197
34 198
35 55
35 60
35 69
35 72
35 80
35 82
35 108
35 148
35 176
35 188
35 192
36 49
36 50
36 69
36 81
36 107
36 114
36 129
36 134
36 149
36 169
36 176
37 56
37 76
37 96
37 104
37 118
37 121
37 137
37 142
37 190
37 194
38 115
38 145
38 151
38 169
38 178
38 187
39 71
39 96
39 115
39 120
39 126
39 138
39 140
39 148
39 155
40 59
40 87
40 97
40 104
40 128
40 130
40 138
40 157
40 172
40 179
40 188
41 42
41 91
41 118
41 135
41 141
41 142
41 147
41 164
41 172
42 58
42 71
42 74
42 84
42 100
42 106
42 114
42 120
42 126
42 128
42 137
42 149
42 156
42 164
42 174
42 191
42 198
43 46
43 49
43 58
43 74
43 77
43 86
43 93
43 103
43 130
43 140
43 146
43 185
43 193
44 53
44 71
44 107
44 136
44 157
44 189
45 67
45 82
45 91
45 120
45 185
46 80
46 99
46 128
46 132
46 138
46 139
46 147
46 155
46 156
46 162
46 167
46 168
46 177
46 181
46 187
46 193
47 59
47 60
47 81
47 95
47 97
47 106
47 107
47 116
47 145
47 156
47 176
48 63
48 73
48 82
48 100
48 101
48 105
48 106
48 109
48 120
48 128
48 129
48 153
48 173
48 184
49 102
49 121
49 176
49 182
49 187
49 193
50 51
50 63
50 67
50 94
50 111
50 119
50 121
50 125
50 132
50 142
50 147
50 155
50 156
50 157
50 159
50 170
50 183
51 67
51 77
51 81
51 100
51 175
51 178
51 179
51 191
51 195
52 68
52 80
52 85
52 90
52 98
52 120
52 138
52 145
52 189
52 190
52 191
53 93
53 148
53 166
53 169
54 78
54 98
54 102
54 108
54 109
54 124
54 168
55 63
55 88
55 89
55 117
55 119
55 143
55 155
55 156
55 160
55 180
56 61
56 69
56 90
56 91
56 102
56 107
56 115
56 117
56 133
56 199
57 58
57 64
57 75
57 100
57 112
57 115
57 178
57 185
58 64
58 104
58 109
58 114
58 128
58 134
58 138
58 146
58 160
59 91
59 118
59 134
59 159
59 164
59 170
60 82
60 112
60 119
60 127
60 132
60 137
60 144
60 174
60 189
61 76
61 113
61 185
62 76
62 78
62 101
62 109
62 130
62 167
62 174
63 73
63 100
63 118
63 120
63 134
63 141
63 185
64 109
64 112
64 124
64 137
64 152
64 164
65 84
65 101
65 110
65 162
65 171
65 179
65 185
66 75
66 81
66 95
66 98
66 102
66 125
66 144
66 168
67 113
67 116
67 118
67 137
67 141
67 143
67 144
67 155
67 174
67 191
67 195
67 197
68 73
68 77
68 85
68 92
68 110
68 120
68 127
68 134
68 175
68 179
68 183
68 184
68 196
69 103
69 109
69 118
69 132
69 134
69 166
69 177
70 78
70 145
70 150
70 178
70 179
70 198
71 76
71 91
71 104
71 107
71 162
71 190
72 113
72 129
72 153
72 163
72 166
72 168
72 188
73 86
73 101
73 113
73 122
73 125
73 128
73 148
73 154
73 177
73 194
74 81
74 83
74 118
74 124
74 134
74 150
75 91
75 99
75 107
75 117
75 134
75 149
75 167
75 169
75 187
75 194
75 195
76 84
76 87
76 120
76 132
76 168
76 179
76 191
76 199
77 129
77 158
77 166
77 198
78 94
78 100
78 114
78 130
78 148
78 151
78 159
78 174
79 163
79 164
79 187
79 191
79 194
79 197
80 107
80 113
80 131
80 135
80 198
81 83
81 90
81 97
81 111
81 157
81 169
81 174
82 112
82 144
82 157
82 167
82 185
82 190
83 85
83 86
83 104
83 120
83 136
83 187
84 89
84 91
84 105
84 144
84 181
84 186
84 196
85 91
85 101
85 119
85 121
85 171
85 186
85 194
85 197
86 92
86 107
86 139
86 144
86 152
86 153
86 155
86 167
86 194
87 102
87 128
87 138
87 146
87 157
87 192
88 105
88 109
88 119
88 138
88 148
88 159
88 197
89 104
89 138
89 180
89 189
89 190
89 196
90 104
90 106
90 124
90 143
90 146
90 160
90 176
90 183
90 196
91 103
91 109
91 126
91 144
91 175
91 182
91 186
92 107
92 121
92 134
92 150
92 155
92 175
92 176
93 105
93 106
93 123
93 149
93 178
94 104
94 110
94 118
94 120
94 193
95 109
95 115
95 129
95 131
95 162
95 172
95 186
95 197
96 98
96 150
96 183
96 185
96 187
97 113
97 133
97 141
97 146
97 170
97 188
97 193
98 124
98 154
98 160
98 175
98 188
99 120
99 134
99 137
99 140
99 145
99 159
99 162
99 167
99 175
99 194
100 108
100 113
100 130
100 146
100 147
101 117
101 139
101 145
101 175
101 178
101 180
102 103
102 141
102 149
102 165
102 178
102 183
103 109
103 115
103 120
103 121
103 130
103 141
103 149
103 162
103 180
103 181
104 152
104 168
104 172
104 182
104 198
105 106
105 111
105 113
105 127
105 132
105 164
105 183
105 197
106 119
106 133
106 135
106 143
106 180
106 185
107 195
108 126
108 144
108 157
108 167
108 175
108 176
108 180
109 149
109 182
109 190
110 111
110 132
110 152
110 155
110 171
110 175
110 181
111 113
111 124
111 135
111 156
111 162
111 183
112 136
112 151
112 153
112 169
113 134
113 155
113 162
113 165
114 121
114 130
114 134
114 151
114 163
114 168
114 188
114 198
115 128
115 131
115 146
115 174
116 121
116 165
116 179
117 128
117 169
117 185
118 129
118 131
118 140
118 141
118 160
118 184
118 191
119 122
119 137
119 138
119 155
119 157
119 163
119 168
119 172
119 174
119 182
120 132
120 152
120 174
121 133
121 171
121 177
121 181
121 188
121 192
121 193
122 129
122 133
122 146
122 148
122 151
122 190
122 197
123 136
123 151
123 160
123 164
123 195
124 132
124 136
124 151
124 168
124 169
124 192
125 143
125 157
125 169
125 179
126 176
126 181
126 194
126 196
126 198
127 154
127 165
127 179
128 185
128 198
129 134
129 177
129 192
130 132
130 176
131 153
131 163
133 135
133 136
133 148
133 162
133 177
133 183
133 184
133 185
133 191
133 194
134 138
134 170
135 172
135 192
135 193
136 156
136 171
136 172
137 147
137 177
137 179
137 196
138 149
138 160
138 164
138 189
139 149
139 162
139 181
139 189
140 149
140 154
140 190
140 193
141 161
141 162
141 163
141 166
141 193
142 147
142 152
142 155
142 166
143 146
143 152
143 165
143 182
143 199
144 155
144 156
144 173
145 159
145 167
145 178
145 191
146 151
146 181
146 182
146 185
147 177
147 179
147 197
148 164
148 188
148 191
149 152
149 155
149 182
149 186
149 193
149 195
150 163
150 172
150 183
150 196
151 157
151 162
151 172
152 175
152 191
153 188
154 160
154 162
154 166
154 168
154 178
154 193
155 178
155 180
155 187
155 191
156 175
156 179
156 194
156 197
156 199
157 177
157 185
157 191
158 168
158 179
158 197
158 199
159 164
159 166
159 172
160 163
160 165
160 185
160 186
161 179
161 196
163 165
163 166
163 197
164 172
164 179
164 181
164 195
165 177
165 198
166 196
167 168
167 181
167 192
168 170
168 188
168 192
168 193
169 174
169 186
171 185
171 191
171 199
172 176
174 179
175 177
175 196
176 199
178 192
179 194
180 184
180 195
182 185
183 197
184 194
184 196
185 191
185 192
185 196
186 199
188 190
191 195
191 196
191 198
192 195
193 198
