100 255 0.8
0 10
0 69
0 77
1 60
1 77
1 84
1 94
1 95
1 98
2 26
2 31
2 65
2 81
2 88
3 35
3 37
3 69
3 76
3 77
3 91
3 96
4 12
4 47
4 91
5 31
5 45
5 75
5 87
6 17
6 30
6 43
6 65
6 66
6 79
6 89
7 9
7 17
7 21
7 65
7 81
7 84
8 27
8 46
8 49
8 68
8 89
9 41
9 48
9 67
9 80
10 39
10 49
10 55
10 99
11 18
11 45
11 85
12 76
12 87
12 91
12 93
13 28
13 43
13 60
13 69
13 86
13 87
14 36
14 40
14 80
14 83
14 88
15 43
15 53
15 78
15 81
15 87
16 31
16 42
16 46
16 47
16 53
16 62
16 70
16 74
16 89
17 24
17 39
17 47
17 49
17 81
18 33
18 79
19 40
19 71
19 84
20 37
20 99
21 25
21 47
22 52
22 53
22 73
22 85
23 31
23 81
23 87
24 27
24 81
24 89
24 92
24 98
25 29
25 95
25 96
26 45
26 76
27 44
27 46
27 50
27 59
27 87
27 90
27 92
27 99
28 35
28 41
28 71
29 32
29 46
29 95
29 99
30 52
30 53
30 79
31 49
31 56
31 57
31 75
31 79
32 99
33 57
33 69
33 79
33 82
34 58
34 75
34 87
34 96
35 42
35 62
35 98
36 82
37 50
38 59
38 73
39 42
40 47
40 69
40 85
40 94
41 53
41 69
41 76
41 86
42 61
42 71
42 93
42 98
43 68
43 84
44 59
45 71
45 73
45 96
46 73
46 85
47 59
47 69
47 87
48 92
48 94
49 95
50 76
50 98
51 55
51 75
52 73
53 73
53 83
53 85
53 90
54 55
54 69
55 70
55 72
55 89
56 84
56 91
57 64
57 71
57 80
58 72
59 68
60 97
61 63
62 77
62 84
62 96
62 97
63 71
63 89
64 70
64 96
65 95
66 75
66 78
66 92
66 93
66 96
67 77
67 81
67 87
68 91
69 82
70 83
70 97
71 92
71 98
72 80
73 79
73 88
73 95
74 87
74 91
74 96
75 87
75 92
76 78
76 84
77 91
77 93
79 86
80 95
81 87
81 96
81 97
81 98
82 90
82 91
84 85
87 96
91 97
92 94
94 99
