100 432 0.2
0 1
0 5
0 41
0 42
0 80
1 9
1 18
1 42
1 51
1 68
1 76
2 3
2 16
2 36
2 53
2 58
2 61
2 74
2 88
2 99
3 18
3 24
3 34
3 37
3 41
3 58
3 59
3 78
4 9
4 26
4 31
4 59
4 64
4 70
4 75
4 84
4 94
5 17
5 29
5 44
5 48
5 90
6 7
6 12
6 21
6 25
6 29
6 34
6 63
6 66
6 88
7 20
7 34
7 39
7 45
7 62
7 63
7 65
7 76
7 96
8 21
8 37
8 44
8 47
8 54
8 57
8 65
8 67
8 72
8 79
9 21
9 57
9 75
9 77
9 86
9 92
9 94
9 99
10 18
10 21
10 45
10 65
10 80
10 83
10 84
10 89
10 92
11 16
11 36
11 49
11 55
11 84
11 90
12 19
12 20
12 23
12 26
12 34
12 54
12 73
12 75
12 80
12 83
12 85
13 24
13 32
13 33
13 38
13 52
13 70
13 74
13 92
14 31
14 47
14 51
14 62
14 69
14 76
14 89
15 18
15 21
15 33
15 58
15 60
15 67
15 71
15 86
15 91
15 95
16 40
16 52
16 61
16 83
16 85
16 86
16 99
17 20
17 22
17 25
17 29
17 54
17 64
17 70
17 77
17 81
17 82
17 85
17 89
17 92
17 94
17 95
18 19
18 28
18 59
18 80
18 81
18 82
18 94
18 99
19 27
19 48
19 53
19 69
19 71
19 72
19 83
20 27
20 38
20 39
20 47
20 60
20 69
20 75
20 76
20 85
20 90
21 38
21 47
21 49
21 79
21 91
21 97
22 39
22 40
22 42
22 52
22 71
22 78
22 84
23 56
23 59
23 62
23 75
23 96
23 99
24 34
24 37
24 46
24 57
24 66
24 90
24 99
25 65
25 70
25 81
26 44
26 51
26 56
26 62
26 64
26 75
26 77
27 55
27 66
27 77
27 90
28 29
28 30
28 35
28 47
28 50
28 62
28 78
28 82
28 95
29 43
29 49
29 57
29 64
29 66
29 87
29 89
29 96
30 66
30 68
30 69
30 83
30 85
30 87
31 36
31 60
31 64
31 65
31 76
31 87
31 88
31 95
32 39
32 50
32 68
32 71
32 84
33 37
33 39
33 56
33 61
33 81
33 88
33 93
33 95
34 41
34 42
34 51
34 52
34 54
34 61
34 79
34 81
34 90
34 95
35 60
35 61
35 66
35 88
35 90
36 67
36 72
36 90
37 63
37 66
37 72
37 81
37 84
37 94
38 39
38 42
38 48
38 62
38 63
38 81
38 82
38 96
39 44
39 67
39 78
39 97
40 49
40 51
40 70
40 78
40 80
40 84
40 89
41 44
41 45
41 54
41 60
41 66
41 71
41 90
41 95
42 43
42 50
42 75
42 77
42 88
43 55
43 62
43 69
43 71
44 47
44 71
44 84
44 85
44 91
44 94
44 98
45 59
45 68
45 70
45 95
46 56
46 58
46 69
46 79
46 86
46 95
47 71
47 76
47 77
48 65
48 75
48 77
48 98
48 99
49 68
49 73
49 74
49 90
49 95
50 52
50 61
50 62
50 64
50 73
50 77
51 84
51 85
51 90
52 56
52 62
52 63
52 79
52 83
52 99
53 55
53 66
53 72
53 87
54 65
54 79
54 88
54 93
54 96
55 62
55 96
56 60
56 68
56 90
56 92
56 93
57 96
58 59
58 83
58 92
59 64
59 65
59 77
59 97
60 91
60 99
62 75
62 80
63 69
63 95
64 86
64 87
64 89
66 75
66 84
66 85
66 87
67 70
67 73
67 88
68 93
68 95
69 77
70 92
70 94
71 74
71 85
72 80
72 98
73 94
73 99
74 88
74 96
74 99
75 90
76 79
76 98
80 83
80 93
81 94
82 95
83 95
83 98
86 94
87 97
95 97
95 99
