200 1190 0.8
0 2
0 3
0 4
0 21
0 40
0 42
0 67
0 72
0 85
0 92
0 182
1 21
1 39
1 47
1 66
1 122
1 137
1 151
1 156
1 174
1 181
2 46
2 54
2 77
2 88
2 100
2 154
2 182
2 186
3 41
3 50
3 62
3 71
3 79
3 163
3 172
3 197
4 55
4 82
4 90
4 96
4 103
4 115
4 142
4 145
4 172
5 15
5 18
5 27
5 37
5 128
5 129
5 191
6 24
6 25
6 30
6 52
6 55
6 94
6 99
6 101
6 130
6 136
6 141
6 145
6 154
6 185
6 195
7 15
7 18
7 34
7 37
7 45
7 52
7 53
7 70
7 103
7 107
7 154
7 158
7 161
7 164
7 167
7 169
7 177
7 188
7 192
8 40
8 81
8 84
8 94
8 131
8 132
8 142
8 144
8 146
8 162
8 190
8 195
9 10
9 23
9 26
9 44
9 98
9 113
9 129
9 159
9 166
9 182
9 185
9 194
10 11
10 14
10 38
10 91
10 102
10 114
10 118
10 121
10 162
11 12
11 38
11 53
11 74
11 118
11 138
11 155
12 27
12 29
12 37
12 68
12 92
12 96
12 107
12 108
12 109
12 116
12 126
12 130
12 141
12 144
12 145
12 146
12 184
13 25
13 84
13 94
13 106
13 116
13 140
13 157
13 192
14 26
14 30
14 39
14 56
14 78
14 85
14 94
14 119
14 121
14 130
14 131
14 143
14 146
14 152
14 164
14 197
15 21
15 46
15 72
15 74
15 86
15 109
15 150
15 152
15 153
15 175
15 187
16 25
16 83
16 90
16 148
16 174
16 180
16 188
17 21
17 22
17 25
17 34
17 57
17 75
17 104
17 117
17 123
17 128
17 148
17 153
17 172
17 181
17 196
18 24
18 45
18 77
18 86
18 95
18 101
18 127
18 128
18 134
18 143
18 145
18 148
18 153
18 173
18 189
19 32
19 47
19 71
19 81
19 112
19 162
19 163
20 48
20 61
20 71
20 92
20 98
20 146
20 148
20 160
20 173
20 187
20 198
21 26
21 60
21 72
21 105
21 148
21 180
21 183
21 185
22 54
22 55
22 62
22 63
22 78
22 82
22 100
22 104
22 106
22 129
22 138
22 155
22 193
23 27
23 40
23 106
23 114
23 129
23 133
23 135
23 151
23 159
23 177
23 189
23 193
23 195
24 39
24 40
24 44
24 60
24 68
24 80
24 88
24 91
24 133
24 149
24 154
24 165
24 172
25 34
25 51
25 61
25 62
25 75
25 97
25 102
25 123
25 126
25 197
26 46
26 54
26 75
26 80
26 82
26 112
26 140
26 163
26 191
27 43
27 57
27 69
27 73
27 75
27 81
27 111
27 117
27 143
27 170
28 70
28 72
28 105
28 117
28 150
28 190
28 191
29 90
29 97
29 107
29 113
29 122
29 128
29 136
29 137
29 145
29 163
29 170
29 172
30 31
30 48
30 52
30 58
30 69
30 96
30 98
30 124
30 128
30 147
30 151
30 160
30 190
30 193
31 56
31 60
31 66
31 74
31 75
31 101
31 104
31 140
31 159
31 165
31 173
32 42
32 148
32 150
32 157
32 159
32 168
32 196
33 41
33 46
33 69
33 106
33 120
33 124
33 129
33 138
33 144
33 150
33 175
34 46
34 85
34 107
34 131
34 136
34 142
34 144
34 147
34 158
34 178
34 189
35 36
35 46
35 47
35 60
35 64
35 90
35 129
35 137
35 145
35 181
35 182
35 189
35 196
35 198
36 74
36 94
36 104
36 158
36 168
36 171
36 184
37 44
37 82
37 101
37 111
37 121
37 150
37 197
37 199
38 46
38 47
38 51
38 54
38 90
38 110
38 111
38 115
38 128
38 134
38 138
38 139
38 168
38 183
38 184
38 186
38 192
38 193
39 56
39 66
39 76
39 87
39 131
39 133
39 134
39 148
39 149
39 169
39 171
39 184
39 192
39 196
40 53
40 55
40 77
40 84
40 134
40 145
41 77
41 86
41 128
41 130
41 135
41 147
41 150
41 155
41 171
42 51
42 56
42 74
42 107
42 116
42 133
42 138
42 156
42 160
42 182
42 194
42 195
43 46
43 51
43 52
43 63
43 101
43 109
43 110
43 137
43 172
44 53
44 62
44 64
44 80
44 85
44 98
44 119
44 145
44 148
44 150
45 50
45 51
45 71
45 74
45 83
45 143
45 173
45 189
46 100
46 130
46 144
46 146
46 160
46 172
46 187
47 68
47 70
47 98
47 168
47 175
47 176
47 198
48 62
48 146
48 193
48 194
49 50
49 100
49 125
49 150
49 153
49 190
50 53
50 61
50 75
50 124
50 131
50 136
50 144
50 146
50 169
50 173
50 183
50 186
50 190
51 57
51 68
51 69
51 111
51 119
51 127
51 128
51 155
51 165
51 187
51 194
52 83
52 125
52 146
52 170
52 172
52 179
53 63
53 65
53 84
53 91
53 121
53 123
53 128
53 131
53 139
53 178
53 186
54 58
54 75
54 92
54 112
54 123
54 126
54 151
54 159
54 176
54 182
54 191
55 57
55 98
55 124
55 153
55 163
55 179
56 93
56 111
56 149
56 166
56 171
56 199
57 66
57 68
57 74
57 94
57 122
57 126
57 136
57 139
57 159
57 172
57 190
58 69
58 74
58 113
58 184
58 185
58 186
59 61
59 72
59 83
59 85
59 121
59 124
59 158
59 174
59 182
60 67
60 76
60 94
60 97
60 112
60 141
60 192
61 67
61 79
61 103
61 157
61 190
61 194
61 198
62 100
62 101
62 116
62 159
62 169
62 188
62 198
63 69
63 71
63 110
63 119
63 123
63 143
63 178
63 181
63 183
63 188
64 68
64 103
64 105
64 147
64 149
64 151
64 165
64 172
64 184
64 192
65 109
65 115
65 117
65 120
65 126
65 165
65 180
66 88
66 92
66 99
66 111
66 125
66 127
66 132
66 138
66 143
66 145
66 150
66 161
66 186
66 190
67 80
67 85
67 108
67 117
67 151
67 164
67 186
67 194
68 70
68 77
68 91
68 126
68 134
68 152
68 166
68 180
68 189
69 81
69 137
69 153
69 190
69 193
70 86
70 102
70 112
70 119
70 124
70 135
70 140
70 165
70 169
70 180
70 186
71 77
71 88
71 107
71 125
71 149
71 157
71 162
71 182
71 187
71 191
72 86
72 112
72 116
72 130
72 160
72 180
72 196
73 75
73 87
73 96
73 146
73 163
73 173
74 79
74 130
74 137
74 145
74 153
74 167
75 78
75 93
75 101
75 107
75 134
75 158
76 91
76 108
76 110
76 138
76 139
76 148
76 192
76 199
77 94
77 111
77 115
77 143
77 153
77 169
77 182
77 190
78 79
78 80
78 81
78 108
78 109
78 113
78 145
78 154
78 193
79 105
79 110
79 113
79 123
79 139
79 144
79 148
79 198
80 85
80 126
80 138
80 139
80 154
80 177
81 88
81 103
81 110
81 132
81 174
81 179
81 182
82 106
82 109
82 117
82 122
82 139
82 158
82 188
83 84
83 136
83 145
83 159
84 123
84 139
84 171
84 176
84 192
85 95
85 117
85 130
85 147
85 148
85 151
85 155
85 162
85 169
85 190
85 191
85 199
86 89
86 114
86 131
86 136
86 150
86 152
86 169
86 175
87 109
87 127
87 141
87 144
87 147
87 151
87 159
87 169
87 187
87 198
88 94
88 105
88 122
88 149
88 177
89 90
89 99
89 104
89 134
89 143
89 147
89 153
89 171
89 189
90 94
90 133
90 138
90 176
91 112
91 135
91 147
91 149
91 155
91 194
92 98
92 101
92 157
92 166
92 170
92 173
93 95
93 100
93 146
93 149
93 171
94 110
94 169
94 173
94 181
95 96
95 123
95 146
95 165
95 167
95 189
95 194
95 196
96 97
96 105
96 131
96 176
96 184
96 185
96 194
96 197
97 122
97 152
97 153
97 157
97 175
97 190
97 195
98 125
98 140
98 143
98 180
98 193
99 101
99 104
99 113
99 115
99 131
99 147
99 161
99 170
99 178
100 124
100 127
100 134
100 139
100 151
100 160
100 164
101 108
101 114
101 142
101 150
101 158
101 168
101 172
102 105
102 108
102 150
102 157
102 169
103 127
103 160
103 165
103 169
103 170
103 178
104 110
104 157
104 163
104 187
105 112
105 153
105 175
105 178
105 190
105 197
106 107
106 130
107 130
107 138
107 143
107 145
107 151
107 152
107 155
107 157
108 128
108 156
108 173
108 179
108 184
108 189
109 134
109 137
109 138
109 152
109 156
109 162
109 170
109 179
109 192
110 126
110 138
110 141
110 171
110 182
110 186
111 122
111 136
111 144
111 189
112 118
112 130
112 136
112 146
112 153
112 158
112 171
112 195
113 115
113 138
113 141
113 142
113 150
113 161
113 167
113 168
113 184
113 191
113 197
113 198
114 117
114 158
114 164
114 169
114 194
115 116
115 121
115 128
115 164
115 178
115 190
116 117
116 129
116 167
116 178
116 191
116 194
116 195
117 149
117 151
117 161
117 194
118 130
118 138
118 151
118 152
118 157
118 164
118 171
118 174
118 180
118 187
118 191
119 123
119 131
119 133
119 136
119 148
119 150
119 165
119 168
119 182
119 185
119 191
120 132
120 156
120 180
120 186
121 141
121 149
121 163
121 166
121 169
121 190
122 138
122 144
122 145
122 146
122 170
123 130
123 132
123 151
124 125
124 150
124 153
124 159
124 180
124 181
125 139
125 146
125 153
125 178
127 139
127 145
127 154
128 132
128 184
128 198
129 163
129 187
130 142
130 146
130 151
130 171
130 182
130 186
131 187
132 178
133 175
133 189
134 152
134 155
134 162
134 165
134 186
135 138
135 159
135 172
135 178
135 198
136 173
137 152
137 169
137 174
137 196
138 151
138 162
138 171
139 168
139 198
140 146
140 165
140 181
140 183
140 190
141 178
142 182
142 190
143 162
144 186
145 156
145 161
145 167
145 190
146 164
146 171
146 192
147 152
147 164
147 172
148 183
148 193
148 196
149 156
149 159
149 171
149 188
150 154
150 158
151 170
151 171
151 189
152 178
152 184
153 160
153 170
153 174
154 189
154 192
154 193
156 172
156 190
157 196
158 173
158 184
160 161
160 173
161 170
161 192
161 194
161 199
162 181
162 193
163 183
163 196
164 196
167 196
168 190
169 180
170 171
171 183
171 196
172 179
172 183
172 187
172 196
174 180
174 186
178 181
178 182
178 194
179 193
180 187
182 198
184 186
185 187
186 193
190 192
191 198
194 196
