100 420 0.8
0 13
0 15
0 18
0 22
0 27
0 35
0 45
0 47
0 71
0 73
0 79
0 90
1 14
1 19
1 45
1 61
1 76
1 88
1 95
2 7
2 8
2 46
2 48
2 84
2 85
2 92
3 7
3 14
3 17
3 18
3 25
3 31
3 39
3 47
3 51
3 61
3 67
3 74
4 7
4 11
4 22
4 26
4 52
4 60
4 61
4 65
4 76
4 97
5 9
5 12
5 20
5 39
5 62
5 68
5 77
5 85
5 87
6 34
6 38
6 48
6 68
7 17
7 27
7 40
7 42
7 60
7 87
7 94
7 96
7 97
7 98
8 12
8 34
8 44
8 59
8 91
9 31
9 82
10 12
10 18
10 31
10 47
10 58
10 73
10 98
11 28
11 35
11 48
11 63
11 65
11 66
11 70
11 74
11 82
11 94
12 14
12 28
12 29
12 45
12 50
12 60
12 62
12 78
12 83
13 27
13 28
13 36
13 60
13 63
13 74
13 77
13 80
13 87
13 90
13 94
14 36
14 62
14 79
14 85
14 97
15 36
15 37
15 44
15 58
15 77
15 88
16 21
16 38
16 57
16 98
17 22
17 55
17 57
17 58
17 59
17 64
17 66
17 70
17 92
17 93
18 73
18 75
18 77
18 87
19 22
19 31
19 39
19 41
19 99
20 21
20 23
20 34
20 40
20 42
20 52
20 56
20 58
20 89
20 92
21 25
21 32
21 57
21 58
21 61
21 74
21 87
21 89
22 84
22 88
22 91
22 93
22 96
23 36
23 51
23 60
23 63
23 66
23 68
23 94
24 31
24 39
24 40
24 80
24 84
24 90
24 98
24 99
25 30
25 36
25 43
25 46
25 55
26 32
26 48
26 49
26 59
26 63
26 67
26 69
27 49
27 57
27 78
27 88
27 93
28 47
28 53
28 59
28 65
28 96
29 33
29 59
29 85
29 93
30 35
30 44
30 67
30 91
31 38
31 45
31 51
31 62
31 66
31 71
31 81
32 35
32 45
32 47
32 73
33 41
33 43
33 70
33 71
33 77
33 83
33 87
33 92
34 58
34 77
34 82
35 37
35 58
35 73
35 77
35 80
36 44
36 75
37 41
37 42
37 45
37 52
37 58
37 65
37 79
38 39
38 41
38 88
38 96
38 97
39 49
39 65
39 70
39 76
39 84
39 91
40 49
40 54
40 84
40 89
41 45
41 60
41 62
41 63
41 99
42 59
42 62
42 70
42 79
42 98
43 57
43 89
43 90
44 89
44 99
45 52
45 59
45 75
45 79
45 89
46 66
46 89
47 50
47 51
47 81
47 90
47 93
47 95
47 96
48 49
48 51
48 61
48 80
48 81
48 88
48 89
48 93
49 65
49 94
50 52
50 71
50 74
50 75
50 80
50 85
50 94
51 65
51 83
51 90
51 93
52 63
52 99
53 73
53 89
53 90
53 97
54 84
55 72
56 58
56 95
57 59
57 69
57 76
57 82
57 85
58 83
59 64
59 66
59 68
59 74
59 80
59 92
59 93
59 98
59 99
60 63
60 65
60 69
60 72
60 74
60 78
60 91
60 92
60 97
61 90
61 94
62 63
62 68
62 69
62 70
62 96
63 80
64 76
64 82
64 83
64 92
64 97
65 81
65 99
66 68
66 69
66 79
66 96
67 82
67 89
67 90
68 69
68 86
68 87
69 83
70 71
70 72
70 78
70 93
70 96
71 77
71 78
71 88
71 97
72 75
72 96
74 77
75 78
76 80
76 89
76 96
77 87
77 98
78 89
79 84
80 92
80 93
81 87
81 89
82 87
83 96
84 91
84 94
84 96
85 93
85 96
86 90
87 90
87 99
88 94
88 98
89 96
89 97
90 96
92 97
93 96
94 96
