200 1560 0.5
0 8
0 9
0 20
0 22
0 90
0 92
0 144
0 148
0 159
0 162
0 165
0 171
0 198
1 19
1 50
1 60
1 63
1 112
1 177
2 21
2 39
2 58
2 61
2 79
2 93
2 103
2 107
2 112
2 117
2 126
2 129
2 132
2 156
2 174
2 178
2 181
2 185
2 190
3 11
3 22
3 29
3 51
3 60
3 65
3 99
3 130
3 133
3 134
3 136
3 138
3 148
3 175
3 179
3 182
3 192
4 18
4 64
4 66
4 67
4 81
4 101
4 141
4 142
4 157
4 160
4 161
4 172
4 184
5 11
5 20
5 40
5 42
5 49
5 72
5 101
5 115
5 136
5 144
5 166
5 177
6 27
6 40
6 50
6 71
6 92
6 93
6 94
6 99
6 105
6 117
6 148
6 151
6 198
6 199
7 22
7 34
7 44
7 54
7 60
7 71
7 75
7 108
7 127
7 137
7 145
7 157
7 178
7 192
8 13
8 19
8 34
8 41
8 45
8 55
8 58
8 71
8 88
9 47
9 57
9 65
9 73
9 105
9 118
9 136
9 139
9 166
9 179
9 182
9 189
9 198
10 13
10 21
10 33
10 59
10 61
10 64
10 71
10 72
10 100
10 117
10 118
10 128
10 134
10 143
10 153
10 154
10 180
10 181
10 192
11 12
11 31
11 45
11 66
11 86
11 91
11 143
11 161
11 185
12 32
12 54
12 67
12 68
12 173
12 176
13 63
13 66
13 82
13 87
13 93
13 103
13 106
13 107
13 117
13 121
13 134
13 137
13 144
13 148
14 20
14 32
14 41
14 45
14 68
14 77
14 80
14 83
14 91
14 92
14 93
14 97
14 136
14 141
14 160
14 166
14 167
14 172
14 176
14 184
14 189
14 190
15 29
15 30
15 42
15 76
15 101
15 105
15 106
15 119
15 145
15 152
15 158
15 186
15 190
15 194
16 26
16 29
16 31
16 32
16 35
16 52
16 54
16 62
16 78
16 112
16 113
16 117
16 137
16 138
16 166
16 173
16 181
16 182
17 24
17 25
17 45
17 47
17 58
17 76
17 78
17 82
17 114
17 126
17 162
17 176
17 177
17 194
18 30
18 64
18 84
18 85
18 92
18 98
18 122
18 133
18 140
18 150
18 155
18 182
18 187
18 188
18 194
19 42
19 50
19 88
19 109
19 141
19 143
19 147
19 166
19 172
19 195
20 39
20 63
20 95
20 107
20 117
20 132
20 137
20 149
20 157
20 189
20 191
21 28
21 35
21 40
21 65
21 66
21 70
21 109
21 112
21 113
21 134
21 136
21 140
21 144
21 145
21 156
21 161
21 174
21 183
22 29
22 42
22 56
22 58
22 87
22 103
22 155
22 162
22 166
22 168
22 173
22 183
22 189
22 192
22 193
22 195
23 27
23 89
23 97
23 103
23 108
23 110
23 115
23 150
23 156
23 174
23 190
23 191
24 28
24 43
24 58
24 64
24 69
24 73
24 97
24 100
24 120
24 160
24 165
24 177
24 192
25 28
25 34
25 72
25 83
25 99
25 121
25 142
25 151
25 155
25 161
25 165
25 168
25 174
25 184
25 187
26 29
26 51
26 61
26 66
26 128
26 129
26 148
26 150
26 169
26 178
26 192
26 195
26 197
27 37
27 47
27 53
27 119
27 136
27 179
27 191
28 29
28 81
28 84
28 90
28 108
28 116
28 120
28 122
28 123
28 126
28 156
29 38
29 71
29 88
29 101
29 115
29 145
29 153
29 161
29 167
29 173
29 191
30 45
30 56
30 68
30 71
30 79
30 101
30 105
30 125
30 143
30 145
30 146
30 148
30 166
30 168
30 184
30 188
31 63
31 107
31 124
31 131
31 141
31 149
31 150
31 152
31 169
31 174
32 43
32 55
32 56
32 72
32 75
32 83
32 84
32 109
32 119
32 125
32 141
32 162
32 163
32 167
32 179
32 188
33 44
33 46
33 74
33 100
33 133
33 140
33 142
33 145
33 150
33 161
33 165
33 181
33 188
34 44
34 66
34 81
34 90
34 133
34 146
34 165
34 166
34 180
34 183
34 186
35 40
35 57
35 93
35 104
35 109
35 110
35 112
35 114
35 137
35 141
35 179
35 195
35 198
36 69
36 71
36 73
36 79
36 105
36 112
36 123
36 126
36 141
36 146
36 147
36 158
36 180
36 189
36 191
36 198
37 44
37 46
37 48
37 49
37 52
37 98
37 128
37 133
37 138
37 143
37 162
37 189
38 46
38 49
38 59
38 72
38 82
38 88
38 89
38 95
38 102
38 124
38 142
38 152
38 159
38 171
38 172
38 179
38 187
39 66
39 73
39 83
39 108
39 120
39 123
39 137
39 146
39 158
39 160
39 175
40 54
40 62
40 100
40 114
40 120
40 128
40 137
40 140
40 177
40 187
40 194
40 195
41 63
41 77
41 78
41 81
41 92
41 111
41 137
41 139
41 140
41 143
41 159
41 187
41 197
41 198
42 50
42 71
42 95
42 124
42 130
42 139
42 141
42 146
42 155
42 156
42 172
42 195
43 89
43 116
43 117
43 119
43 120
43 133
43 138
43 155
43 159
43 165
43 167
43 169
43 170
43 176
43 187
43 195
44 45
44 64
44 80
44 83
44 94
44 100
44 105
44 109
44 121
44 131
44 136
44 139
44 140
44 150
44 152
44 158
44 167
44 188
45 95
45 96
45 100
45 109
45 114
45 116
45 131
45 136
45 138
45 140
45 158
46 48
46 52
46 55
46 57
46 67
46 80
46 81
46 112
46 113
46 137
46 151
46 173
46 181
46 189
46 194
46 199
47 64
47 82
47 90
47 94
47 106
47 115
47 136
47 154
47 157
47 167
47 184
47 188
47 194
48 54
48 63
48 83
48 86
48 89
48 141
48 152
48 157
48 167
48 188
48 189
48 197
49 58
49 64
49 81
49 90
49 100
49 103
49 114
49 117
49 154
49 156
49 162
50 54
50 57
50 58
50 61
50 65
50 69
50 72
50 76
50 95
50 104
50 105
50 108
50 110
50 112
50 122
50 127
50 133
51 78
51 104
51 111
51 117
51 133
51 138
51 144
51 153
51 158
51 162
51 164
52 68
52 82
52 83
52 116
52 139
52 186
52 191
52 199
53 59
53 64
53 66
53 73
53 74
53 97
53 133
53 152
53 163
53 170
53 179
53 195
54 63
54 73
54 78
54 95
54 96
54 108
54 109
54 117
54 126
54 150
54 154
54 161
54 162
54 169
54 181
54 182
54 184
54 188
54 190
54 197
54 198
55 78
55 94
55 95
55 113
55 114
55 115
55 126
55 135
55 139
55 180
55 191
55 198
56 66
56 76
56 81
56 96
56 115
56 121
56 126
56 146
56 152
56 158
56 160
56 163
56 169
56 184
56 197
57 62
57 72
57 75
57 95
57 110
57 129
57 134
57 160
57 161
57 187
57 199
58 86
58 92
58 93
58 100
58 134
58 143
58 154
58 160
58 179
58 186
58 189
58 193
59 70
59 77
59 83
59 88
59 101
59 117
59 119
59 148
59 152
59 156
59 162
59 163
59 180
59 188
59 191
60 67
60 79
60 103
60 142
60 144
60 158
60 191
61 63
61 70
61 76
61 94
61 102
61 105
61 109
61 151
61 157
62 106
62 109
62 115
62 125
62 134
62 141
62 143
62 168
62 176
62 192
62 194
63 78
63 97
63 113
63 141
63 172
63 181
63 195
64 66
64 69
64 85
64 88
64 90
64 102
64 140
64 185
64 190
65 95
65 108
65 127
65 150
65 151
65 158
65 165
65 176
65 186
66 69
66 76
66 84
66 86
66 96
66 101
66 102
66 109
66 110
66 149
66 162
66 188
67 75
67 100
67 103
67 110
67 112
67 115
67 137
67 138
67 142
67 169
67 173
67 190
68 76
68 87
68 93
68 94
68 113
68 123
68 128
68 131
68 148
68 158
68 159
68 161
68 179
68 194
69 70
69 73
69 114
69 116
69 117
69 132
69 150
69 175
69 191
69 199
70 81
70 83
70 89
70 91
70 119
70 144
70 150
70 157
70 172
70 182
71 84
71 86
71 134
71 143
71 148
71 162
71 171
71 182
71 195
71 199
72 80
72 88
72 94
72 111
72 116
72 120
72 124
72 126
72 185
73 76
73 81
73 90
73 94
73 103
73 108
73 118
73 134
73 156
73 167
74 87
74 88
74 148
74 155
74 161
74 184
74 198
75 76
75 84
75 108
75 121
75 130
75 135
75 137
75 178
75 188
75 189
76 80
76 91
76 105
76 112
77 85
77 90
77 96
77 97
77 126
77 128
77 138
77 141
77 143
77 148
77 162
77 170
77 173
77 181
77 187
77 193
78 93
78 97
78 102
78 113
78 116
78 140
78 149
78 158
78 162
78 176
78 179
79 82
79 155
79 160
79 161
79 166
79 186
79 188
80 97
80 119
80 149
80 165
80 167
80 168
80 177
80 178
80 179
80 188
81 103
81 123
81 128
81 134
81 163
82 96
82 132
82 158
82 169
82 179
83 85
83 86
83 87
83 94
83 100
83 101
83 107
83 127
83 130
83 134
83 137
83 145
83 154
83 159
83 184
83 191
83 197
84 87
84 103
84 131
84 146
84 172
84 182
84 185
85 94
85 95
85 105
85 130
85 152
85 196
86 92
86 96
86 108
86 116
86 132
86 137
86 144
86 151
86 158
86 186
86 194
87 97
87 101
87 113
87 114
87 121
87 132
87 140
87 152
87 153
88 110
88 116
88 120
88 132
88 143
88 147
88 158
88 188
88 193
89 93
89 107
89 118
89 143
89 161
89 190
90 105
90 107
90 113
90 127
90 128
90 136
90 152
90 155
90 171
90 176
90 180
90 181
90 189
91 127
91 130
91 145
91 148
91 157
91 161
91 162
91 181
91 186
91 188
91 194
92 95
92 103
92 123
92 126
92 135
92 146
92 160
92 173
92 189
92 199
93 112
93 114
93 190
94 108
94 123
94 125
94 128
94 152
94 157
94 181
94 184
94 191
95 100
95 105
95 108
95 109
95 116
95 119
95 131
95 135
95 143
95 153
95 156
95 160
95 193
96 101
96 139
96 148
96 156
96 159
96 180
96 183
97 137
97 168
97 193
97 198
98 105
98 113
98 126
98 135
98 136
98 138
98 144
98 176
99 101
99 121
99 128
99 139
99 165
99 173
99 199
100 103
100 105
100 135
100 146
100 151
100 189
100 192
101 109
101 124
101 133
101 135
101 151
101 160
101 190
102 124
102 157
102 161
102 172
103 106
103 109
103 122
103 141
103 145
103 157
103 159
103 175
103 177
103 184
103 185
104 111
104 122
104 134
104 138
104 156
104 179
104 182
105 111
105 113
105 119
105 126
105 128
105 129
105 133
105 138
105 148
105 149
105 170
105 176
106 115
106 129
106 140
106 143
106 169
106 190
106 193
107 115
107 116
107 129
107 134
107 143
107 169
107 179
107 181
107 186
107 196
108 113
108 167
108 174
109 112
109 122
109 123
109 142
109 145
109 150
109 156
109 164
109 170
109 187
110 114
110 119
110 123
110 135
110 143
110 161
110 168
110 175
111 120
111 140
111 148
111 157
111 162
111 186
111 194
112 116
112 143
112 154
112 156
112 157
112 178
112 179
112 181
112 186
112 189
113 117
113 185
113 191
113 194
114 138
114 139
114 156
114 161
114 171
115 133
115 154
115 155
115 167
116 119
116 128
116 138
116 143
116 148
116 166
116 168
116 170
117 127
117 132
117 138
117 170
117 171
117 176
117 189
118 134
118 181
119 123
119 126
119 143
120 133
120 135
120 151
120 153
120 157
120 179
120 181
121 129
121 131
121 145
121 161
121 164
121 165
121 166
121 168
121 193
122 127
122 128
122 149
122 182
122 191
122 192
122 193
123 137
123 145
123 172
123 192
123 193
124 126
124 138
124 155
124 182
125 143
125 163
125 195
126 139
126 154
126 163
126 179
126 187
127 136
127 153
127 159
127 177
127 180
127 187
127 191
128 145
128 147
128 154
128 156
128 159
128 172
128 175
128 191
128 193
128 198
129 137
129 140
129 164
129 170
129 177
129 183
130 139
130 177
130 181
130 187
131 134
131 141
131 160
131 172
131 186
131 187
131 188
131 189
132 139
132 140
132 166
132 191
132 194
133 135
133 139
133 147
133 152
133 190
134 143
134 158
134 161
134 177
134 180
134 191
135 142
135 145
135 161
135 168
135 184
136 142
136 150
136 151
136 165
136 184
136 197
137 152
137 157
137 159
137 163
137 172
138 175
138 188
138 192
139 176
139 177
139 191
140 143
140 184
140 191
140 195
141 150
141 170
142 176
143 150
143 161
143 170
143 179
143 182
143 185
143 198
144 156
144 163
144 168
144 175
144 198
145 150
145 165
145 197
146 155
146 170
146 191
147 149
147 154
147 195
148 154
148 162
148 195
149 153
149 155
149 165
149 168
149 182
149 183
149 189
150 163
150 174
150 180
150 181
150 199
151 154
151 159
151 160
151 162
151 181
151 187
152 165
152 169
152 170
152 173
152 174
152 184
152 187
152 189
152 198
153 175
153 177
154 178
154 180
154 192
154 197
156 160
156 174
156 182
156 183
156 186
156 189
157 168
157 174
158 163
158 171
158 176
158 194
159 182
159 185
160 175
161 164
161 165
161 175
161 176
162 181
163 196
164 171
164 195
164 198
165 191
166 179
166 184
166 193
166 195
167 169
167 189
167 193
168 198
169 172
169 181
170 184
170 189
171 173
171 195
172 173
173 194
174 176
174 179
174 180
174 187
175 177
175 179
175 190
176 178
176 184
176 196
177 182
178 184
179 180
179 199
180 189
180 197
181 197
182 187
182 194
183 185
183 198
184 187
184 191
184 196
185 189
186 197
186 198
186 199
187 196
188 189
188 194
189 193
189 195
190 199
191 192
191 196
192 198
194 196
195 198
195 199
