100 328 0.8
0 4
0 49
0 53
0 65
0 68
0 71
0 72
0 74
0 75
0 80
0 90
1 13
1 31
1 50
1 53
1 73
1 96
2 14
2 21
2 71
3 13
3 18
3 31
3 37
3 61
3 64
3 66
3 70
3 71
3 74
4 23
4 24
4 26
4 28
4 29
4 33
4 60
4 83
4 97
5 9
5 34
5 75
6 20
6 22
6 25
6 26
6 37
6 43
6 71
6 72
6 75
7 8
7 24
7 53
7 67
7 69
7 76
7 94
8 37
8 49
8 54
8 73
9 11
9 14
9 24
9 45
9 51
9 52
9 56
9 90
10 15
10 46
10 63
10 70
10 95
11 13
11 45
11 61
11 68
11 71
11 87
11 91
12 21
12 31
12 54
12 78
12 90
12 92
13 18
13 24
13 32
13 34
13 79
13 86
14 51
14 52
14 64
14 83
14 84
14 91
15 32
15 42
15 53
15 88
16 35
16 36
16 37
16 42
17 38
17 55
17 57
17 59
17 72
17 73
17 79
18 33
18 39
18 44
18 52
18 57
18 75
18 84
19 27
19 37
19 41
19 68
19 86
20 40
20 59
21 29
21 51
21 56
21 85
21 97
22 28
22 38
22 45
22 56
22 74
22 77
22 79
22 87
22 95
23 35
23 75
23 76
23 83
24 45
24 48
25 69
25 85
25 92
26 43
26 44
26 48
26 52
26 59
26 88
26 92
27 30
27 32
27 35
27 70
27 88
28 70
28 71
28 98
28 99
30 49
30 65
30 74
30 86
31 59
31 61
31 62
31 80
31 82
32 44
32 49
32 54
32 56
32 80
32 83
32 99
33 94
34 86
34 93
35 86
35 98
36 55
36 85
36 87
36 92
36 98
37 38
37 54
37 57
37 60
37 93
38 50
38 59
38 92
39 45
39 61
39 96
40 44
40 87
41 43
41 62
41 75
41 76
41 86
42 43
42 71
42 82
43 49
43 69
43 70
43 77
44 48
44 52
44 78
45 60
45 64
45 78
45 92
46 64
46 96
47 79
47 83
48 76
48 77
48 89
49 53
49 59
49 73
49 86
50 65
50 98
51 52
51 85
51 93
52 77
52 82
52 87
52 95
53 76
53 78
54 57
54 72
54 90
54 97
55 68
55 74
55 76
56 57
56 63
56 71
56 73
56 84
57 64
57 74
57 75
57 92
58 73
58 77
58 81
58 99
60 66
60 70
60 78
60 90
60 91
61 80
61 91
62 92
63 86
63 90
63 92
63 96
64 87
64 94
65 79
65 84
65 90
65 94
66 67
66 68
67 83
67 92
67 96
67 98
68 85
68 92
68 99
69 75
70 83
71 84
72 79
72 90
72 97
73 81
74 80
74 88
74 94
75 80
76 87
77 93
78 81
78 91
78 92
79 81
79 91
79 97
81 87
81 93
81 96
83 89
83 93
84 98
85 97
86 89
87 89
87 96
87 98
88 94
88 96
90 93
