200 940 0.5
0 8
0 22
0 65
0 106
0 109
0 125
0 126
0 143
0 175
0 177
0 188
0 190
0 196
1 11
1 42
1 45
1 72
1 78
1 139
1 173
1 180
2 9
2 40
2 53
2 129
2 140
2 198
3 136
3 149
3 171
3 186
4 7
4 37
4 45
4 46
4 114
4 116
4 131
5 10
5 21
5 49
5 57
5 70
5 79
5 101
5 105
5 152
5 163
5 189
6 48
6 84
6 131
6 160
6 198
7 34
7 37
7 48
7 55
7 87
7 104
7 135
7 154
8 14
8 104
8 117
8 122
8 128
8 160
8 171
8 186
8 189
9 28
9 130
9 166
10 28
10 77
10 107
10 119
11 24
11 64
11 118
11 152
11 185
11 193
12 111
12 143
12 157
12 189
12 196
13 29
13 31
13 51
13 61
13 68
13 126
13 138
13 164
13 181
14 45
14 66
14 101
14 148
14 163
14 197
15 27
15 46
15 53
15 82
15 95
15 103
15 108
15 114
15 141
15 167
15 168
15 169
15 177
15 185
15 191
16 46
16 51
16 60
16 61
16 65
16 91
16 113
16 115
16 180
17 21
17 86
17 87
17 94
17 120
17 136
17 143
17 148
17 168
17 178
17 194
18 21
18 24
18 58
18 95
18 109
18 114
18 176
18 189
19 23
19 33
19 50
19 63
19 84
19 85
19 91
19 96
19 107
19 130
19 136
19 169
19 173
19 198
20 25
20 47
20 52
20 57
20 72
20 100
20 145
21 35
21 36
21 111
21 146
21 148
21 168
21 172
22 42
22 49
22 50
22 154
22 158
22 192
22 194
23 28
23 47
23 53
23 71
23 99
23 117
23 123
23 139
23 177
23 183
24 68
24 73
24 77
24 102
24 106
24 118
24 148
24 173
24 187
25 52
25 105
25 118
25 144
25 148
25 164
25 168
25 181
26 39
26 44
26 123
26 125
26 134
26 139
26 140
26 164
26 196
27 45
27 46
27 59
27 92
27 153
27 166
27 171
27 172
27 186
28 41
28 58
28 59
28 80
28 81
28 99
28 115
28 142
28 169
29 32
29 34
29 72
29 73
29 82
29 178
30 60
30 94
30 103
30 108
30 126
30 131
30 132
30 141
30 147
30 158
30 176
30 190
30 197
31 39
31 45
31 62
31 105
31 137
31 175
32 143
32 147
32 171
32 189
33 57
33 110
33 113
33 178
34 79
34 89
34 127
34 129
34 140
34 146
34 147
34 150
34 153
34 173
34 193
34 196
35 37
35 76
36 55
36 62
36 80
36 82
36 149
36 150
36 170
36 177
36 195
37 51
37 57
37 64
37 66
37 91
37 94
37 95
37 109
37 111
37 128
37 146
37 175
37 188
38 52
38 82
38 120
38 130
38 133
38 170
38 172
38 196
39 83
39 84
39 131
39 134
39 142
39 153
39 184
39 199
40 66
40 92
40 100
40 102
40 113
40 123
40 135
40 136
40 167
40 179
40 186
40 191
41 46
41 73
41 111
41 112
41 127
41 148
41 149
41 169
41 181
42 88
42 96
42 100
42 109
42 139
42 161
42 167
42 178
42 191
42 194
43 59
43 71
43 113
43 123
43 128
43 174
43 189
43 199
44 66
44 124
44 138
44 140
44 187
45 58
45 89
46 59
46 124
46 135
46 165
46 166
46 186
46 195
47 68
47 88
47 90
47 106
47 118
47 174
48 82
48 101
48 112
48 138
48 148
48 188
48 197
49 63
49 64
49 84
49 126
49 133
49 145
49 198
50 51
50 142
50 197
51 80
51 113
51 119
51 147
51 158
51 168
52 55
52 116
52 153
52 156
52 183
52 184
52 194
52 196
53 84
53 85
53 102
53 112
53 123
53 127
53 137
53 138
53 140
53 157
53 172
53 184
54 102
54 116
54 144
55 65
55 80
55 90
56 77
56 130
56 165
56 176
56 178
56 180
56 185
56 187
57 110
57 113
57 119
57 124
57 136
57 142
57 193
58 69
58 82
58 85
58 122
58 124
58 126
58 136
58 154
58 163
58 166
59 84
59 116
59 151
59 167
60 67
60 89
60 98
60 160
60 177
60 179
60 186
60 192
61 69
61 79
61 80
61 82
61 87
61 102
61 128
61 170
62 64
62 70
62 103
62 120
62 144
62 150
62 162
62 169
62 191
63 82
63 87
63 136
63 195
63 199
64 88
64 97
64 107
64 116
64 136
64 141
64 149
64 160
64 170
64 185
65 121
65 125
65 128
65 132
66 68
66 69
66 78
66 89
66 106
66 147
66 150
66 165
67 69
67 87
67 103
67 115
67 119
67 178
67 179
67 184
67 185
68 83
68 85
68 88
68 108
68 128
68 129
68 130
68 154
68 177
69 89
69 111
69 115
69 125
69 173
69 196
70 77
70 88
70 140
70 171
70 172
70 186
71 82
71 87
71 96
71 110
71 139
71 147
71 166
71 169
71 173
71 181
72 84
72 118
72 136
72 145
72 157
72 159
72 186
72 187
73 90
73 104
73 158
74 98
74 139
74 140
74 144
74 155
74 193
74 194
75 102
75 114
75 122
75 130
75 135
75 137
75 143
75 164
75 174
75 179
75 192
76 108
76 122
76 159
76 168
76 192
76 198
77 98
77 123
77 155
77 164
77 170
77 171
78 92
78 97
78 114
78 116
78 119
79 84
79 90
79 115
80 82
80 84
80 107
80 114
80 117
80 130
80 137
80 139
80 142
80 156
80 157
80 158
80 192
80 198
81 87
81 96
81 112
81 138
81 159
81 160
81 177
82 86
82 94
82 98
82 146
82 167
82 168
82 177
83 85
83 101
83 106
83 134
83 146
83 154
83 163
83 180
83 190
84 96
84 121
84 161
84 171
84 186
85 106
85 127
85 146
85 165
85 171
85 192
86 160
86 173
87 103
87 144
87 152
87 160
87 173
87 184
88 157
88 158
88 190
89 157
89 163
89 195
90 101
90 145
90 169
91 148
91 175
91 182
91 186
92 95
92 146
92 169
93 105
93 132
93 153
93 159
93 160
93 179
93 196
94 149
94 163
95 119
95 121
95 135
95 138
95 150
95 175
96 97
96 110
96 112
96 128
96 184
96 187
96 191
97 116
97 131
97 143
97 155
97 168
98 114
98 161
98 166
98 183
99 119
99 141
99 169
100 113
100 137
100 153
101 104
101 108
101 172
101 191
102 117
102 138
102 150
102 158
103 104
103 136
103 164
103 187
103 188
104 132
104 136
104 143
104 191
105 106
105 136
105 160
106 114
106 149
106 153
106 161
106 163
107 108
107 121
107 131
107 143
107 175
108 123
108 139
108 160
108 173
108 179
108 196
109 162
109 167
109 185
109 199
110 117
110 138
110 169
110 176
110 179
110 194
111 123
111 128
111 131
111 180
112 131
112 143
112 159
112 169
112 180
113 133
113 166
113 186
114 128
114 130
114 139
114 171
114 197
114 199
115 117
115 121
115 126
115 133
115 144
115 175
115 186
116 127
116 155
116 183
117 122
117 130
117 136
117 175
117 189
118 119
118 123
118 124
118 141
118 156
118 161
119 125
119 127
119 179
120 159
120 172
121 139
122 131
122 134
122 135
122 141
122 156
123 135
123 137
123 154
123 169
123 177
123 192
124 143
124 186
124 193
125 150
125 189
126 127
126 135
127 136
127 137
127 151
127 152
127 181
127 188
128 142
128 143
128 167
128 171
128 181
129 140
129 156
129 172
129 177
130 161
130 175
130 178
130 194
130 195
131 134
131 141
131 144
131 155
132 135
132 145
132 175
133 145
133 146
133 150
133 153
133 188
133 199
134 142
134 159
134 168
134 174
134 189
135 149
135 163
135 168
135 183
136 194
137 159
137 161
137 177
138 167
139 176
140 143
140 169
140 190
141 153
141 186
141 188
142 166
142 183
143 149
143 183
144 156
144 175
145 170
146 192
147 189
147 196
148 161
148 168
149 156
149 165
149 194
150 157
150 168
150 169
152 160
152 187
153 181
153 192
153 199
154 196
155 161
155 185
156 195
156 196
157 192
158 186
159 199
160 175
160 177
161 193
163 176
163 178
163 191
166 190
166 193
168 193
168 197
169 176
169 192
170 173
170 180
170 184
170 192
171 183
172 178
173 179
174 184
175 198
176 186
177 197
178 189
181 199
183 193
184 185
184 196
186 194
186 197
187 191
187 192
187 197
188 191
191 192
192 196
193 194
194 197
