200 1554 0.8
0 33
0 51
0 54
0 58
0 106
0 107
0 125
0 151
0 156
0 165
0 180
0 185
0 199
1 34
1 38
1 49
1 87
1 88
1 94
1 141
1 149
1 172
1 173
1 176
1 198
2 14
2 22
2 63
2 66
2 89
2 90
2 142
2 150
3 12
3 25
3 42
3 68
3 89
3 99
3 108
3 131
3 139
3 140
3 149
3 177
4 10
4 11
4 16
4 17
4 20
4 33
4 34
4 47
4 52
4 73
4 74
4 81
4 91
4 92
4 94
4 97
4 101
4 107
4 125
4 144
4 175
4 193
5 12
5 16
5 30
5 40
5 41
5 42
5 53
5 68
5 89
5 93
5 94
5 95
5 100
5 103
5 107
5 120
5 121
5 127
5 132
5 134
5 143
5 145
5 151
5 173
5 182
6 18
6 37
6 41
6 50
6 64
6 86
6 89
6 95
6 97
6 137
6 169
6 173
6 184
7 13
7 45
7 51
7 55
7 70
7 91
7 94
7 96
7 102
7 109
7 115
7 124
7 145
7 156
7 163
7 189
8 10
8 13
8 14
8 30
8 60
8 78
8 80
8 85
8 89
8 95
8 110
8 122
8 143
8 148
8 176
8 178
8 179
8 186
8 199
9 10
9 14
9 27
9 28
9 32
9 41
9 56
9 69
9 86
9 107
9 139
9 190
10 17
10 19
10 31
10 73
10 80
10 89
10 101
10 109
10 114
10 129
10 132
10 151
10 158
10 166
10 174
10 179
10 196
10 199
11 21
11 23
11 31
11 56
11 61
11 63
11 68
11 82
11 94
11 95
11 104
11 147
11 153
11 177
11 178
11 186
12 23
12 27
12 34
12 52
12 60
12 63
12 69
12 87
12 89
12 104
12 140
12 142
12 149
12 179
13 29
13 71
13 75
13 79
13 89
13 113
13 143
13 168
13 196
13 197
14 26
14 41
14 78
14 81
14 82
14 114
14 118
14 167
14 175
14 189
15 33
15 43
15 48
15 49
15 56
15 75
15 108
15 110
15 123
15 141
15 154
15 161
15 169
15 189
16 22
16 23
16 25
16 36
16 56
16 69
16 82
16 94
16 117
16 139
16 148
16 152
16 166
17 32
17 57
17 58
17 63
17 85
17 91
17 101
17 102
17 122
17 129
17 151
17 159
17 164
17 182
17 195
17 197
17 198
18 25
18 30
18 51
18 74
18 106
18 112
18 121
18 134
18 143
18 144
18 166
18 168
18 196
19 20
19 28
19 37
19 58
19 60
19 66
19 75
19 79
19 83
19 89
19 92
19 113
19 117
19 130
19 144
19 147
19 157
19 159
19 166
19 167
19 169
19 179
20 45
20 48
20 51
20 64
20 67
20 82
20 130
20 160
20 167
20 179
21 28
21 29
21 51
21 55
21 58
21 72
21 74
21 84
21 119
21 120
21 129
21 142
21 157
21 166
21 188
22 34
22 44
22 72
22 78
22 83
22 105
22 166
22 168
22 179
23 28
23 31
23 99
23 102
23 126
23 127
23 150
23 169
23 172
23 196
24 25
24 37
24 43
24 44
24 84
24 89
24 91
24 92
24 143
24 147
24 151
24 160
24 179
25 38
25 41
25 45
25 53
25 59
25 60
25 74
25 88
25 92
25 101
25 109
25 118
25 125
25 127
25 131
25 134
25 160
25 177
25 194
26 29
26 32
26 42
26 77
26 81
26 95
26 120
26 150
26 191
26 192
26 198
27 29
27 47
27 51
27 74
27 75
27 78
27 81
27 89
27 111
27 118
27 127
27 197
28 51
28 52
28 53
28 58
28 67
28 72
28 83
28 105
28 139
28 149
28 159
28 167
28 169
28 174
28 183
28 192
28 198
29 30
29 31
29 33
29 34
29 37
29 40
29 53
29 58
29 63
29 73
29 75
29 82
29 106
29 131
29 154
29 158
29 161
29 168
29 185
29 194
30 37
30 41
30 71
30 78
30 80
30 82
30 88
30 127
30 139
30 142
30 147
30 150
30 159
30 165
30 168
30 171
30 185
30 196
31 49
31 81
31 82
31 95
31 121
31 132
31 134
31 147
31 151
31 159
31 169
31 173
31 177
31 187
31 190
31 194
31 195
31 196
32 43
32 52
32 56
32 80
32 98
32 110
32 120
32 125
32 128
32 144
32 147
32 149
32 154
32 187
32 189
32 198
33 36
33 40
33 64
33 68
33 80
33 85
33 111
33 119
33 132
33 133
33 150
33 170
33 172
33 177
33 178
33 179
34 60
34 67
34 71
34 95
34 105
34 109
34 110
34 112
34 116
34 121
34 123
34 135
34 171
35 87
35 88
35 91
35 92
35 129
35 154
35 199
36 59
36 65
36 70
36 102
36 104
36 105
36 106
36 109
36 148
36 156
36 158
36 167
36 178
36 181
36 194
37 70
37 86
37 89
37 90
37 104
37 106
37 121
37 143
37 155
37 166
37 184
38 41
38 88
38 105
38 113
38 128
38 138
38 139
38 169
38 174
38 192
39 44
39 62
39 69
39 81
39 85
39 95
39 118
39 133
39 147
39 149
39 167
39 183
39 193
39 194
40 41
40 42
40 91
40 95
40 133
40 134
40 148
40 155
41 50
41 58
41 69
41 100
41 102
41 108
41 152
41 153
41 160
41 176
41 177
41 193
42 73
42 93
42 101
42 126
42 140
42 146
42 157
42 188
42 193
42 199
43 58
43 83
43 87
43 92
43 102
43 128
43 162
43 194
44 51
44 78
44 83
44 87
44 92
44 99
44 111
44 126
44 138
44 173
44 194
45 60
45 80
45 89
45 90
45 96
45 100
45 107
45 109
45 112
45 123
45 131
45 188
45 193
46 48
46 49
46 51
46 57
46 58
46 76
46 116
46 127
46 156
46 161
46 172
46 178
46 181
47 58
47 60
47 87
47 97
47 99
47 126
47 137
47 167
47 171
47 174
47 181
47 193
47 194
48 52
48 57
48 60
48 84
48 92
48 121
48 128
48 134
48 138
48 140
48 162
48 187
48 194
48 195
49 73
49 80
49 160
49 183
49 194
49 197
50 58
50 70
50 73
50 93
50 96
50 120
50 126
50 127
50 171
50 182
51 58
51 65
51 71
51 77
51 82
51 95
51 98
51 143
51 146
51 152
51 177
51 178
51 189
51 198
52 89
52 92
52 96
52 118
52 124
52 127
52 146
52 169
52 183
52 184
52 187
52 193
53 54
53 61
53 69
53 78
53 119
53 125
53 129
53 147
53 167
53 169
53 178
54 67
54 112
54 137
54 151
54 167
54 174
54 185
54 187
54 193
54 194
54 196
54 198
55 79
55 82
55 95
55 97
55 105
55 118
55 135
55 146
55 148
55 165
55 167
55 177
55 188
55 193
56 59
56 62
56 65
56 72
56 73
56 78
56 86
56 110
56 112
56 128
56 138
56 145
56 151
56 166
56 174
56 177
56 182
57 76
57 80
57 84
57 89
57 96
57 101
57 149
57 171
58 67
58 71
58 83
58 85
58 86
58 92
58 137
58 147
58 159
58 175
58 179
58 188
59 67
59 72
59 73
59 74
59 116
59 126
59 186
59 189
59 190
59 193
60 62
60 67
60 79
60 91
60 98
60 101
60 138
60 147
60 167
60 178
60 181
60 198
61 69
61 74
61 99
61 104
61 133
61 140
61 160
61 166
61 185
61 188
61 193
62 74
62 75
62 94
62 100
62 134
62 153
62 155
63 100
63 104
63 109
63 120
63 123
63 132
63 133
63 149
63 163
64 72
64 90
64 97
64 109
64 115
64 125
64 126
64 137
64 148
64 165
64 182
64 190
64 191
64 195
65 86
65 88
65 90
65 97
65 98
65 110
65 124
65 137
65 152
65 167
65 186
66 82
66 99
66 101
66 115
66 116
66 132
66 134
66 136
66 155
66 171
66 191
66 192
67 82
67 87
67 89
67 92
67 98
67 122
67 136
67 138
67 149
67 153
67 157
67 159
68 70
68 101
68 135
68 145
68 146
68 164
68 173
68 178
69 83
69 98
69 103
69 120
69 124
69 130
69 133
69 135
69 138
69 141
69 168
69 172
69 185
70 79
70 112
70 128
70 136
70 162
70 165
70 188
70 189
70 194
71 90
71 100
71 109
71 120
71 134
71 149
71 150
71 166
71 168
71 170
71 173
71 174
72 78
72 95
72 103
72 104
72 113
72 133
72 144
72 175
73 77
73 84
73 99
73 106
73 160
73 161
73 162
73 183
73 186
73 188
73 190
74 93
74 121
74 128
74 147
74 149
74 153
74 157
74 158
74 180
75 78
75 97
75 110
75 130
75 144
75 149
75 154
75 162
75 190
75 196
75 198
76 101
76 105
76 110
76 123
76 147
76 151
76 153
76 160
76 171
76 184
76 192
77 84
77 85
77 89
77 151
77 157
77 169
77 183
77 190
77 192
78 92
78 126
78 128
78 143
78 146
78 156
78 162
78 175
79 128
79 130
79 134
79 135
79 137
79 177
79 184
79 191
79 198
80 103
80 116
80 119
80 163
80 175
80 186
81 83
81 93
81 102
81 106
81 112
81 129
81 156
81 165
81 192
81 197
82 84
82 103
82 114
82 129
82 139
82 165
82 167
82 186
83 88
83 99
83 101
83 106
83 121
83 136
83 139
83 143
83 151
83 159
83 164
83 172
83 176
84 94
84 125
84 131
84 139
84 140
84 144
84 166
84 173
84 182
84 195
85 88
85 97
85 143
85 144
85 165
85 171
85 177
85 181
85 196
86 113
86 118
86 131
86 133
86 134
86 149
86 151
86 158
86 174
86 176
86 179
86 191
87 104
87 107
87 116
87 120
87 151
87 152
88 95
88 96
88 118
88 140
88 156
88 160
88 169
88 182
89 129
89 130
89 139
89 141
89 148
89 162
89 180
89 186
90 111
90 121
90 123
90 125
90 131
90 133
90 142
90 146
90 151
90 158
91 100
91 122
91 150
91 152
91 163
91 177
91 183
92 104
92 124
92 125
92 143
92 176
92 184
92 185
93 108
93 133
93 147
93 149
93 154
93 156
93 162
93 181
94 101
94 106
94 109
94 118
94 147
94 156
94 160
94 174
94 177
94 184
94 186
95 108
95 109
95 111
95 133
95 134
95 157
95 159
95 164
95 167
95 178
95 180
95 196
96 101
96 105
96 111
96 128
96 129
96 131
96 136
96 158
96 195
97 106
97 122
97 135
97 144
97 146
97 181
97 185
97 195
98 126
98 129
98 136
98 144
98 146
98 181
98 194
99 104
99 115
99 128
99 158
99 185
99 187
100 105
100 113
100 117
100 123
100 130
100 134
100 137
100 140
100 146
100 150
100 156
100 159
100 163
100 179
100 184
101 127
101 149
101 156
101 159
102 112
102 125
102 135
102 146
102 148
102 164
102 171
102 187
102 194
102 199
103 112
103 124
103 125
103 137
103 138
103 155
103 179
103 180
103 182
103 190
104 105
104 124
104 130
104 145
104 157
104 160
105 108
105 109
105 111
105 123
105 126
105 130
105 139
105 192
106 107
106 123
106 140
106 141
106 146
106 173
106 190
106 193
107 108
107 116
107 133
107 159
107 163
107 171
107 186
107 193
108 168
108 174
109 133
109 169
109 172
110 128
110 129
110 154
110 177
110 195
111 113
111 124
111 129
111 151
111 154
111 194
112 117
112 143
112 158
113 117
113 138
113 162
113 163
113 168
113 187
114 119
114 133
114 140
114 150
114 155
114 165
114 180
114 181
114 199
115 122
115 132
115 134
115 162
115 169
115 191
115 194
116 127
116 129
116 148
116 153
116 159
116 168
116 186
116 192
116 194
116 198
117 124
117 144
117 163
117 166
117 170
117 197
118 154
118 155
119 126
119 137
119 138
119 150
119 164
119 165
119 170
119 191
119 197
120 139
120 159
120 166
120 174
120 179
120 190
121 149
121 151
121 154
121 170
121 174
121 195
121 199
122 124
122 131
122 139
122 140
122 165
122 176
123 131
123 145
123 151
123 158
123 167
124 171
124 197
125 132
125 137
125 145
126 132
126 141
126 152
126 173
126 196
127 153
127 154
127 159
127 162
127 170
127 177
127 184
128 157
128 171
129 138
129 152
130 142
130 151
130 153
130 164
131 154
131 169
131 170
131 175
132 133
132 139
132 149
132 151
133 138
133 168
133 176
133 186
133 191
134 137
134 144
134 161
134 162
134 166
134 180
134 181
134 196
135 164
135 169
135 176
136 140
136 143
136 161
136 169
136 176
136 177
136 184
136 187
136 197
137 138
137 149
137 156
137 158
137 186
138 142
138 149
138 157
138 159
138 164
138 166
138 181
138 190
139 158
139 161
139 172
140 146
140 147
140 157
140 185
140 190
141 152
141 163
141 171
142 188
143 144
143 145
143 146
143 156
143 169
143 178
143 185
143 198
144 149
144 150
144 160
144 168
144 172
144 179
144 192
145 147
145 149
145 171
146 171
146 189
147 165
147 166
148 153
148 155
148 169
148 183
149 159
149 161
149 172
149 173
149 198
151 154
151 161
151 165
151 187
152 154
152 164
152 165
152 180
152 182
152 186
153 156
153 168
153 179
153 181
153 190
154 156
154 157
154 167
154 181
154 188
155 156
155 169
155 193
155 198
156 168
156 175
156 178
156 198
157 163
157 164
157 166
157 170
157 178
157 194
157 199
158 178
159 161
159 166
159 167
159 172
159 180
159 182
160 169
160 181
160 187
161 186
161 198
162 186
164 168
164 176
165 174
165 197
166 177
166 193
167 184
167 191
167 197
169 171
169 172
169 185
169 191
170 177
171 173
171 198
173 186
173 191
173 192
174 181
174 184
175 187
175 189
175 194
177 188
177 195
178 191
178 197
179 192
180 192
181 187
181 193
182 187
183 192
184 185
184 189
184 195
184 199
185 191
185 193
186 190
186 199
187 190
188 194
190 199
191 198
192 194
192 198
194 197
