100 394 0.8
0 16
0 54
0 75
0 84
0 99
1 6
1 8
1 12
1 36
1 53
1 69
1 78
1 82
1 86
2 9
2 13
2 32
2 41
2 53
2 54
2 57
3 4
3 9
3 19
3 67
3 75
3 77
3 87
3 94
4 6
4 25
4 32
4 35
4 43
4 57
4 70
4 80
4 87
5 8
5 9
5 21
5 36
5 49
5 53
5 54
5 55
5 68
5 75
5 76
6 15
6 18
6 21
6 40
6 51
6 83
7 36
7 39
7 43
7 96
7 97
8 21
8 32
8 42
8 96
8 97
9 37
9 46
9 47
9 49
10 17
10 21
10 46
10 52
10 66
10 83
10 85
11 31
11 60
11 61
11 69
11 83
11 88
11 98
11 99
12 17
12 35
12 50
12 56
12 58
12 71
12 81
13 33
13 44
13 46
13 61
13 63
13 67
13 73
13 80
13 94
13 97
14 31
14 35
14 37
14 56
14 65
14 66
14 77
14 82
14 85
15 19
15 25
15 29
15 42
15 66
15 72
15 91
15 96
16 24
16 27
16 38
16 40
16 63
16 66
16 67
17 20
17 25
17 52
17 70
17 84
17 86
17 99
18 34
18 77
18 90
18 92
19 21
19 29
19 34
19 63
19 83
20 48
20 59
20 62
20 76
20 83
21 22
21 24
21 28
21 46
21 52
21 72
21 78
21 80
21 91
22 36
22 61
22 65
23 26
23 48
23 66
23 69
23 72
24 32
24 42
24 44
24 55
24 56
25 30
25 62
25 71
25 75
25 79
25 86
26 42
26 46
26 47
26 70
26 75
27 53
27 58
27 59
27 65
27 66
27 82
27 96
28 50
28 51
28 60
28 76
28 88
28 89
29 44
29 55
29 59
29 63
29 70
29 75
29 80
29 92
29 94
30 36
30 61
30 87
31 48
31 53
31 59
32 38
32 57
32 61
32 64
32 95
33 37
33 41
33 50
33 68
33 79
34 36
34 53
34 91
34 92
35 48
35 54
35 59
35 90
36 45
36 50
36 74
36 80
36 88
36 93
37 43
37 46
37 63
37 67
37 69
38 40
38 46
38 50
38 55
38 64
38 74
38 78
38 85
38 86
39 63
39 64
39 70
39 79
39 80
40 43
40 50
40 66
40 69
40 86
41 42
41 53
41 66
41 89
42 60
42 67
43 44
43 60
43 70
43 74
43 80
43 82
43 87
44 46
44 49
44 61
44 73
44 98
45 46
45 59
45 66
45 96
46 80
46 86
46 87
47 48
47 50
47 69
47 77
48 51
48 60
48 69
48 85
49 67
49 68
49 77
49 79
49 82
49 85
49 87
49 97
50 51
50 83
52 60
52 63
52 71
52 72
52 75
52 80
52 91
53 66
53 88
54 56
54 57
54 68
54 82
54 84
54 94
55 67
55 93
55 96
56 58
56 67
56 80
56 83
57 68
57 80
57 81
58 70
58 74
58 77
58 89
58 94
59 93
60 68
60 69
60 70
60 77
60 97
61 67
61 73
61 99
62 68
62 92
63 72
64 71
64 73
64 78
64 83
64 93
65 73
65 75
65 76
65 82
65 89
65 97
65 98
66 71
67 70
67 87
68 73
68 74
68 87
68 89
69 91
70 77
71 77
71 87
72 79
73 77
73 78
74 89
75 77
75 93
75 95
76 92
76 95
77 87
77 89
77 95
78 79
79 82
80 81
80 83
80 90
82 97
84 86
86 87
86 93
86 94
87 97
88 92
88 94
89 99
90 97
91 98
92 96
93 96
94 97
