200 1384 0.5
0 20
0 25
0 56
0 69
0 80
0 95
0 115
0 127
0 149
0 154
0 156
0 172
0 182
0 187
0 189
1 7
1 8
1 16
1 20
1 43
1 46
1 58
1 72
1 76
1 87
1 98
1 119
1 146
1 174
1 189
1 194
1 196
2 18
2 20
2 24
2 33
2 46
2 53
2 82
2 84
2 140
2 148
2 157
2 197
3 63
3 70
3 85
3 154
3 185
3 187
4 23
4 25
4 34
4 93
4 96
4 108
4 110
4 125
4 131
4 133
4 136
4 142
4 158
4 185
4 195
4 199
5 8
5 21
5 33
5 51
5 60
5 67
5 87
5 90
5 142
5 144
5 149
5 162
5 163
5 173
5 186
5 191
6 8
6 28
6 39
6 40
6 46
6 71
6 124
6 134
6 144
6 157
6 167
6 194
7 12
7 19
7 31
7 34
7 64
7 70
7 75
7 127
7 128
7 143
7 153
7 158
7 162
7 171
7 182
8 11
8 14
8 25
8 48
8 49
8 53
8 61
8 83
8 90
8 107
8 118
8 124
8 160
8 165
8 166
8 174
9 34
9 35
9 36
9 59
9 78
9 86
9 91
9 98
9 115
9 128
9 145
9 193
9 199
10 13
10 14
10 25
10 36
10 38
10 40
10 43
10 45
10 90
10 99
10 103
10 116
10 129
10 143
10 153
10 158
11 18
11 22
11 30
11 31
11 32
11 43
11 56
11 58
11 74
11 102
11 108
11 119
11 133
11 139
11 149
11 158
11 167
11 191
11 196
12 18
12 55
12 58
12 114
12 143
12 159
12 160
12 166
12 177
12 196
13 34
13 65
13 76
13 80
13 81
13 102
13 106
13 131
13 148
13 157
13 160
14 27
14 30
14 48
14 54
14 112
14 117
14 148
14 160
14 170
15 39
15 57
15 61
15 75
15 91
15 94
15 99
15 100
15 162
15 164
16 23
16 40
16 48
16 57
16 88
16 98
16 141
16 146
16 189
16 195
17 40
17 41
17 52
17 56
17 74
17 79
17 109
17 110
17 130
17 132
17 135
17 154
17 180
17 184
18 28
18 37
18 52
18 68
18 81
18 82
18 88
18 94
18 106
18 110
18 113
18 122
18 132
18 136
18 137
18 143
18 153
18 174
19 23
19 24
19 51
19 62
19 65
19 68
19 90
19 134
19 146
19 177
19 178
19 180
19 181
19 186
19 193
19 194
20 29
20 45
20 53
20 76
20 92
20 148
20 199
21 27
21 177
21 183
21 187
22 28
22 32
22 43
22 48
22 77
22 116
22 122
22 129
22 136
22 149
22 171
23 43
23 46
23 64
23 95
23 96
23 113
23 122
23 129
23 135
23 149
23 159
23 166
23 178
23 182
23 190
24 28
24 49
24 64
24 87
24 89
24 93
24 104
24 107
24 108
24 132
24 139
24 164
24 167
24 185
24 191
25 30
25 81
25 83
25 86
25 103
25 111
25 117
25 145
25 158
25 161
25 193
26 32
26 41
26 48
26 57
26 74
26 86
26 107
26 115
26 120
26 132
26 133
26 145
26 155
26 161
26 175
27 30
27 42
27 79
27 81
27 114
27 120
27 131
27 142
27 166
27 169
27 176
28 47
28 73
28 80
28 84
28 85
28 121
28 128
28 142
28 159
28 174
28 177
28 184
28 189
29 50
29 59
29 67
29 72
29 84
29 99
29 105
29 120
29 124
29 196
30 42
30 45
30 70
30 75
30 118
30 121
30 124
30 126
30 130
30 133
30 140
30 154
30 192
31 32
31 40
31 52
31 63
31 96
31 120
31 126
31 146
31 154
31 160
31 176
31 189
32 49
32 63
32 80
32 103
32 133
32 155
32 156
32 171
32 173
32 180
32 185
32 190
32 195
33 57
33 59
33 89
33 94
33 107
33 112
33 118
33 141
33 156
33 176
33 180
34 65
34 79
34 93
34 112
34 130
34 187
35 40
35 43
35 107
35 138
35 145
35 150
35 157
35 179
35 182
35 196
36 41
36 81
36 84
36 91
36 109
36 119
36 137
36 144
36 145
36 148
36 154
36 161
36 177
36 193
36 199
37 56
37 87
37 94
37 98
37 109
37 120
37 121
37 129
37 135
37 141
37 156
37 166
37 171
37 175
37 176
37 192
38 43
38 57
38 61
38 67
38 72
38 78
38 82
38 94
38 102
38 113
38 136
38 140
38 157
38 181
38 192
38 197
39 40
39 41
39 64
39 114
39 122
39 137
39 148
39 152
39 164
39 168
39 196
40 50
40 72
40 80
40 95
40 102
40 112
40 128
40 134
40 167
40 169
40 174
40 177
40 183
40 187
41 68
41 85
41 108
41 124
41 126
41 130
41 136
41 156
41 157
41 176
41 177
41 193
42 47
42 72
42 77
42 105
42 131
42 134
42 149
42 150
43 81
43 84
43 117
43 131
43 142
43 149
43 156
43 169
43 181
43 183
44 50
44 58
44 62
44 65
44 72
44 80
44 82
44 83
44 94
44 97
44 126
44 128
44 139
44 157
44 174
44 179
44 187
45 62
45 73
45 133
45 152
45 153
45 162
45 164
45 180
46 55
46 58
46 85
46 102
46 109
46 161
46 164
46 175
47 52
47 67
47 122
47 185
48 149
48 161
48 166
48 168
48 172
48 176
48 185
48 192
49 73
49 94
49 99
49 100
49 106
49 126
49 149
49 161
49 163
49 170
49 194
50 98
50 99
50 101
50 103
50 116
50 126
50 147
50 154
50 172
50 199
51 70
51 76
51 93
51 100
51 103
51 128
51 135
51 141
51 167
51 183
51 186
52 55
52 64
52 93
52 127
52 132
52 142
52 145
52 183
52 187
52 197
52 199
53 54
53 66
53 74
53 79
53 87
53 129
53 142
53 164
53 183
54 63
54 65
54 71
54 79
54 93
54 100
54 107
54 133
54 158
54 162
54 163
54 168
55 61
55 79
55 115
55 125
55 140
55 146
55 157
55 161
55 172
55 195
56 79
56 149
56 158
56 168
56 175
56 176
56 182
56 194
56 196
57 67
57 73
57 96
57 100
57 110
57 139
57 177
58 74
58 79
58 105
58 148
58 149
58 156
58 163
58 177
58 186
58 192
59 81
59 95
59 117
59 139
59 156
59 164
60 61
60 96
60 112
60 116
60 129
60 150
60 163
60 176
60 183
61 95
61 96
61 111
61 112
61 120
61 127
61 140
61 151
61 156
61 166
61 169
61 194
61 199
62 64
62 82
62 92
62 107
62 135
62 142
62 144
62 150
62 153
62 159
62 164
62 169
62 183
62 185
62 187
63 146
63 158
63 168
63 183
64 80
64 82
64 95
64 112
64 119
64 162
64 167
64 172
64 174
64 175
64 181
64 186
64 193
65 82
65 85
65 94
65 96
65 107
65 172
65 175
65 184
66 68
66 80
66 84
66 95
66 132
66 156
66 157
66 159
66 165
66 169
66 176
66 181
66 183
67 68
67 90
67 92
67 114
67 115
67 136
67 170
68 69
68 90
68 99
68 120
68 137
68 146
68 163
68 166
68 186
68 192
68 195
69 88
69 89
69 102
69 103
69 111
69 129
69 138
69 146
69 153
69 156
69 194
70 78
70 91
70 93
70 128
70 143
70 158
70 172
70 185
70 193
71 100
71 113
71 126
71 155
72 75
72 78
72 89
72 97
72 109
72 121
72 147
72 148
72 157
72 173
72 189
73 87
73 100
73 123
73 125
73 127
73 135
73 142
73 146
73 159
73 170
73 182
73 187
74 97
74 120
74 132
74 134
74 136
74 142
74 150
74 187
75 80
75 98
75 114
75 152
75 180
75 182
75 184
76 81
76 87
76 137
76 178
77 105
77 120
77 122
77 128
77 141
77 165
77 177
77 183
77 191
77 198
78 104
78 106
78 109
78 112
78 154
78 161
79 85
79 91
79 120
79 139
79 157
79 167
79 170
79 178
80 136
80 155
80 156
80 162
80 164
80 166
80 185
81 82
81 89
81 90
81 91
81 111
81 157
81 179
81 189
81 193
82 87
82 98
82 101
82 119
82 123
82 142
82 149
82 154
82 167
82 182
82 190
83 98
83 126
83 133
83 161
83 163
83 168
83 171
83 172
83 184
84 96
84 101
84 134
84 136
84 162
84 171
84 177
84 181
84 187
85 118
85 120
85 123
85 135
85 181
85 191
86 105
86 108
86 111
86 127
86 136
86 144
86 159
86 194
87 118
87 138
87 154
87 155
87 158
87 165
87 191
88 95
88 113
88 115
88 125
88 128
88 152
88 166
88 197
89 98
89 100
89 101
89 152
89 162
89 193
90 99
90 103
90 154
90 165
90 197
91 123
91 126
91 137
91 155
91 162
91 163
91 170
91 186
92 94
92 105
92 133
92 148
92 158
92 165
92 175
92 195
93 94
93 98
93 110
93 117
93 123
93 128
93 142
93 147
93 148
93 149
93 151
93 175
93 177
93 187
93 188
94 138
94 161
94 162
94 165
94 183
94 192
95 130
95 152
95 155
95 178
95 193
96 135
96 161
96 171
97 155
97 156
97 158
97 162
97 163
97 178
98 100
98 116
98 118
98 131
98 151
98 155
98 156
98 158
98 161
98 170
98 175
98 198
99 108
99 155
99 164
99 167
99 182
99 186
99 188
100 124
100 131
100 140
100 147
100 170
100 175
101 103
101 141
101 172
101 199
102 114
102 131
102 132
102 152
102 159
102 164
102 166
102 175
102 180
103 134
103 136
103 137
103 139
103 152
103 156
103 161
103 169
103 170
103 190
104 108
104 116
104 117
104 160
104 183
105 115
105 120
105 131
105 135
105 139
105 143
105 147
105 152
105 154
105 165
105 167
105 168
105 182
105 189
106 120
106 130
106 169
107 109
107 172
107 194
108 114
108 131
108 163
108 168
108 175
108 197
108 198
109 148
109 162
109 182
109 187
109 188
110 119
110 140
110 168
111 125
111 145
111 149
111 162
111 178
111 183
111 184
112 145
112 182
112 199
113 137
113 142
113 160
113 161
113 169
113 175
113 177
113 186
113 191
114 125
114 165
114 176
115 118
115 123
115 140
115 141
115 158
115 178
115 180
116 124
116 133
116 140
116 157
116 172
116 173
117 123
117 127
117 133
117 141
117 151
117 176
117 198
118 122
118 127
118 139
118 172
119 121
119 122
119 182
119 184
119 185
119 199
120 122
120 128
120 139
120 183
121 143
121 164
121 174
121 191
121 193
122 145
122 164
122 187
122 197
123 191
123 196
123 197
124 141
124 143
124 146
124 151
124 155
124 158
124 172
124 183
124 185
124 198
125 143
125 155
125 167
125 187
125 188
126 154
126 156
126 170
126 176
126 177
126 186
126 191
127 136
127 142
127 155
127 157
128 149
128 151
128 193
129 134
129 138
129 165
129 169
129 189
129 190
130 139
130 169
130 173
130 199
131 144
131 149
131 181
131 185
131 189
131 194
132 146
132 150
132 176
132 177
132 191
133 153
133 155
133 170
133 179
133 182
133 190
133 193
133 197
133 198
134 135
134 167
134 168
135 148
135 166
135 184
135 186
136 159
136 165
137 168
137 179
137 185
137 186
137 189
137 193
137 195
138 182
138 194
139 170
139 172
139 174
140 158
140 188
141 154
141 184
141 193
141 197
142 159
142 165
142 170
142 187
143 154
143 159
143 183
143 192
144 148
144 158
144 159
144 164
144 171
145 148
145 150
145 155
145 179
145 180
145 186
146 151
146 155
146 158
146 165
146 172
146 181
146 195
146 196
147 153
147 169
147 177
147 179
147 181
148 176
149 157
149 172
149 175
149 178
149 192
149 195
149 197
150 170
150 175
150 181
151 161
151 191
151 192
152 157
152 161
152 171
152 188
153 197
154 158
154 181
156 173
156 195
157 165
157 168
158 166
158 169
158 189
159 164
159 177
159 192
160 161
160 184
160 185
160 188
161 184
161 185
162 165
162 168
162 169
162 180
162 184
162 199
163 174
163 183
163 185
164 175
165 175
165 177
165 195
166 176
166 184
166 191
166 199
167 169
167 180
167 195
168 181
169 193
169 196
172 175
172 186
172 195
172 199
173 180
174 180
175 176
175 179
175 199
176 178
176 182
177 184
178 195
179 184
180 192
181 182
181 194
184 188
185 188
185 190
185 192
187 196
187 199
188 190
188 193
190 197
190 198
191 197
193 194
194 196
