100 358 0.5
0 8
0 22
0 31
0 33
0 56
0 60
0 63
0 67
0 68
1 18
1 56
1 63
1 83
2 38
2 41
2 43
2 48
2 68
2 73
2 85
2 96
3 33
3 41
3 46
3 57
3 70
4 9
4 12
4 28
4 33
4 47
4 58
4 62
4 81
4 93
4 95
5 20
5 46
5 48
5 51
5 62
5 63
5 64
5 83
6 34
6 40
6 44
6 61
6 63
6 82
6 89
6 98
7 10
7 37
7 41
7 53
7 56
7 59
7 72
8 14
8 24
8 29
8 36
8 40
8 49
8 81
8 83
8 94
9 21
9 25
9 35
9 38
9 80
10 23
10 51
10 68
10 74
10 84
10 95
11 28
11 30
11 38
11 46
11 92
11 98
12 16
12 30
12 31
12 36
12 39
12 68
12 69
12 88
12 90
13 18
13 48
13 81
14 25
14 41
14 62
14 98
15 31
15 48
15 66
15 69
15 79
15 87
15 88
16 19
16 22
16 30
16 40
16 53
16 61
16 67
16 90
17 25
17 72
17 75
17 86
18 38
18 61
18 90
18 95
19 54
19 62
19 72
19 73
19 74
19 76
19 87
19 90
19 97
20 72
20 74
20 87
21 33
21 43
21 45
21 49
21 52
21 53
21 61
21 70
21 72
21 80
22 41
22 85
23 44
23 47
23 62
24 26
24 29
24 35
24 42
24 58
24 62
24 70
24 72
24 83
24 85
25 29
25 79
25 99
26 51
26 62
26 69
26 73
26 80
26 93
26 96
26 97
27 41
27 45
27 57
27 82
27 86
28 29
28 54
28 60
28 64
28 73
29 61
29 63
29 69
29 81
29 82
30 37
30 40
30 97
30 98
31 50
31 59
31 60
31 71
31 76
31 84
32 41
32 52
32 53
32 59
33 45
33 77
33 81
33 83
33 95
34 40
34 51
34 75
34 90
34 92
35 41
35 45
35 80
36 44
36 51
36 53
36 67
36 76
36 78
37 68
37 75
38 51
38 52
38 61
40 65
40 69
40 71
40 75
40 85
40 92
40 94
40 99
41 48
41 70
41 80
41 84
41 90
41 99
42 52
42 54
42 60
42 79
42 88
43 53
43 72
43 76
43 87
44 92
45 49
45 57
45 58
45 81
46 53
46 55
46 56
46 59
46 65
46 73
47 75
47 91
48 73
48 80
48 84
49 53
49 54
49 66
49 79
49 88
50 56
50 58
50 87
50 95
50 97
51 58
51 70
51 71
51 76
51 78
51 88
52 57
52 63
52 78
52 80
53 83
54 61
54 62
54 96
55 63
55 67
55 89
56 58
56 66
56 82
57 59
57 72
57 74
57 96
58 64
58 76
58 78
58 80
58 87
59 66
59 67
59 73
59 81
61 69
61 84
61 96
62 82
63 88
63 96
63 98
64 75
64 82
64 88
66 91
66 92
66 95
67 74
67 76
68 71
68 82
68 93
69 73
69 87
69 94
70 75
70 94
71 99
72 74
72 81
72 89
72 98
74 82
74 85
74 88
74 90
74 92
75 86
77 80
77 88
78 85
78 97
79 83
79 86
79 87
80 92
81 86
81 98
82 95
83 84
83 93
86 91
87 93
87 98
90 98
