100 404 0.8
0 10
0 23
0 62
0 79
0 84
0 85
0 91
0 98
1 10
1 18
1 20
1 27
1 35
1 38
1 43
1 45
1 46
1 52
1 82
1 86
2 16
2 20
2 38
2 52
2 80
2 89
3 8
3 16
3 30
3 39
3 40
3 41
3 52
3 63
3 68
3 71
3 89
3 90
4 9
4 10
4 14
4 20
4 22
4 23
4 36
4 47
4 60
4 67
4 79
4 91
5 11
5 17
5 33
5 56
5 89
6 26
6 31
6 34
6 44
6 58
6 72
6 76
6 80
6 96
7 9
7 14
7 19
7 59
7 75
7 80
7 83
7 94
8 15
8 28
8 33
8 36
8 38
8 39
8 60
8 64
8 81
8 85
8 87
8 90
9 12
9 31
9 33
9 48
9 50
9 56
10 16
10 19
10 36
10 56
10 76
10 93
10 98
11 13
11 33
11 34
11 48
11 55
11 56
11 63
11 67
12 17
12 20
12 21
12 22
12 23
12 38
12 41
12 44
13 31
13 42
13 50
13 59
13 63
13 64
13 88
13 98
14 32
14 43
14 46
14 56
14 81
14 85
14 88
15 17
15 18
15 25
15 27
15 30
15 43
15 61
15 72
15 75
15 92
16 43
16 46
16 47
16 58
16 67
16 72
16 75
17 27
17 45
17 47
17 66
17 71
17 77
17 85
17 99
18 58
18 59
18 62
18 63
19 48
19 49
19 54
19 75
19 78
20 32
20 42
20 50
20 59
20 72
20 76
20 90
21 62
21 69
21 85
22 24
22 44
22 83
22 87
22 88
23 36
23 44
23 98
24 38
24 60
24 64
24 65
25 36
25 38
25 44
25 66
25 84
25 88
26 36
26 39
26 43
26 48
26 51
26 65
26 76
26 77
26 78
26 79
26 80
26 88
26 96
26 98
27 29
27 32
27 45
27 47
27 64
27 77
27 84
27 86
28 39
28 44
28 50
28 53
28 61
28 66
28 80
29 45
29 68
29 71
29 80
29 82
29 87
29 90
29 94
29 96
30 41
30 44
30 50
30 59
31 57
31 73
31 87
31 88
31 91
32 33
32 44
32 49
32 53
32 69
32 84
32 95
32 98
33 52
33 93
34 37
34 41
34 46
34 52
34 63
34 66
34 79
34 91
34 93
35 42
35 63
35 86
36 38
36 41
36 42
36 53
36 63
36 70
36 75
36 79
36 91
36 96
37 42
37 57
37 86
37 89
38 45
38 48
38 65
38 66
38 79
39 47
39 49
39 50
39 75
39 76
40 45
40 49
40 51
40 63
40 69
40 75
40 80
41 48
41 76
42 44
42 76
42 80
43 65
43 72
43 84
43 99
45 52
45 53
45 58
45 73
45 79
46 47
46 49
46 63
46 82
47 81
48 58
48 61
48 69
48 73
48 78
48 83
48 93
49 50
49 71
50 76
50 77
50 99
51 65
51 93
52 58
52 59
52 70
53 68
53 72
53 94
55 63
55 70
55 95
56 68
56 80
56 87
57 72
57 86
58 70
58 83
58 93
58 95
58 96
59 71
59 78
59 80
59 86
59 97
60 68
60 72
60 88
60 96
61 80
61 81
62 72
62 73
63 65
63 69
63 72
63 83
64 82
64 86
64 88
65 76
65 83
65 85
65 88
65 93
65 97
66 68
68 72
68 89
69 80
71 88
71 90
71 99
72 74
72 89
72 97
73 82
74 75
74 99
75 90
75 98
76 87
77 79
77 82
77 99
79 87
79 98
81 86
81 88
82 93
82 95
83 99
84 87
84 88
85 91
85 99
86 89
89 96
90 93
90 98
93 95
97 99
