200 1751 0.8
0 9
0 37
0 47
0 51
0 58
0 65
0 76
0 78
0 84
0 94
0 111
0 117
0 118
0 136
0 186
0 187
1 13
1 35
1 45
1 51
1 65
1 68
1 74
1 78
1 79
1 100
1 102
1 104
1 110
1 111
1 115
1 119
1 122
1 127
1 143
1 174
1 180
1 181
1 190
1 196
2 5
2 11
2 25
2 36
2 41
2 51
2 69
2 84
2 94
2 120
2 136
2 153
2 157
2 173
2 176
2 189
2 199
3 8
3 9
3 27
3 35
3 37
3 44
3 50
3 66
3 71
3 76
3 78
3 94
3 102
3 103
3 114
3 144
3 150
3 155
3 166
3 182
3 186
3 192
3 193
4 25
4 33
4 44
4 48
4 53
4 58
4 59
4 67
4 71
4 78
4 82
4 90
4 103
4 106
4 111
4 134
4 138
4 142
4 167
4 171
4 192
5 10
5 26
5 36
5 41
5 72
5 77
5 99
5 100
5 117
5 141
5 151
5 154
5 157
5 158
5 173
5 185
6 7
6 20
6 23
6 28
6 40
6 61
6 66
6 68
6 78
6 82
6 86
6 93
6 131
6 151
6 153
6 179
6 196
7 9
7 47
7 51
7 57
7 58
7 61
7 74
7 85
7 97
7 107
7 144
7 153
7 156
7 166
7 170
7 184
8 10
8 23
8 33
8 47
8 54
8 64
8 70
8 85
8 95
8 96
8 131
8 141
9 21
9 34
9 63
9 93
9 100
9 117
9 133
9 135
9 139
9 147
9 149
9 166
9 167
9 183
9 188
9 191
9 199
10 14
10 25
10 36
10 45
10 46
10 48
10 55
10 62
10 71
10 80
10 82
10 117
10 119
10 124
10 139
10 147
10 157
10 163
10 165
10 169
10 191
10 194
11 14
11 15
11 73
11 89
11 102
11 134
11 149
11 168
11 170
11 176
11 181
11 182
11 185
11 190
11 199
12 17
12 31
12 43
12 47
12 55
12 99
12 116
12 122
12 178
12 199
13 14
13 16
13 30
13 55
13 65
13 70
13 72
13 87
13 102
13 103
13 105
13 108
13 120
13 152
13 159
13 163
13 170
13 185
13 192
13 194
14 19
14 20
14 24
14 27
14 34
14 37
14 43
14 79
14 84
14 99
14 105
14 153
14 165
14 190
14 198
15 55
15 58
15 72
15 74
15 119
15 122
15 129
15 130
15 141
15 152
15 178
15 182
16 18
16 37
16 49
16 53
16 67
16 92
16 127
16 138
16 145
16 155
16 178
16 185
17 53
17 54
17 64
17 69
17 71
17 91
17 98
17 147
17 171
17 179
17 183
18 25
18 36
18 40
18 42
18 76
18 82
18 92
18 108
18 109
18 126
18 157
18 172
18 175
18 187
18 191
19 33
19 42
19 49
19 56
19 67
19 92
19 94
19 120
19 134
19 158
19 162
19 168
19 175
19 177
20 23
20 29
20 83
20 91
20 94
20 114
20 133
20 137
20 169
20 170
20 177
20 183
20 188
20 189
20 199
21 22
21 26
21 36
21 50
21 60
21 72
21 77
21 97
21 99
21 130
21 132
21 139
21 150
21 157
21 178
21 184
22 30
22 40
22 45
22 93
22 94
22 139
22 189
22 190
22 198
23 31
23 37
23 39
23 46
23 47
23 61
23 62
23 63
23 65
23 67
23 73
23 130
23 139
23 141
23 170
23 193
23 194
23 197
24 47
24 59
24 102
24 131
24 147
24 151
24 153
24 161
24 163
24 174
24 177
24 181
24 185
25 43
25 48
25 50
25 54
25 55
25 75
25 79
25 81
25 91
25 115
25 125
25 134
25 135
25 143
25 145
25 178
26 51
26 56
26 76
26 105
26 107
26 114
26 123
26 154
26 167
26 173
26 176
26 179
26 181
26 188
26 197
26 198
27 32
27 50
27 51
27 59
27 62
27 63
27 74
27 80
27 83
27 91
27 99
27 100
27 101
27 102
27 127
27 131
27 135
27 144
27 148
27 150
27 151
27 154
27 162
28 40
28 47
28 50
28 51
28 81
28 82
28 83
28 97
28 102
28 139
28 140
28 152
28 154
28 160
28 162
28 172
28 178
28 192
29 37
29 91
29 102
29 112
29 139
29 145
29 149
29 187
29 197
30 44
30 51
30 55
30 63
30 68
30 70
30 74
30 82
30 91
30 145
30 160
30 166
30 182
30 191
31 34
31 50
31 54
31 59
31 64
31 73
31 80
31 96
31 102
31 108
31 120
31 149
31 168
31 169
31 176
31 180
31 194
31 199
32 47
32 52
32 66
32 77
32 84
32 91
32 106
32 125
32 135
32 138
32 140
32 173
32 178
32 184
32 185
32 197
33 37
33 43
33 46
33 50
33 79
33 90
33 93
33 104
33 127
33 150
33 167
33 178
33 197
33 199
34 43
34 63
34 72
34 84
34 90
34 99
34 125
34 137
34 152
34 155
34 169
34 177
34 191
35 54
35 58
35 69
35 79
35 91
35 92
35 96
35 112
35 118
35 133
35 165
35 170
35 182
35 187
35 195
36 45
36 65
36 80
36 84
36 120
36 127
36 136
36 163
36 186
37 48
37 53
37 64
37 73
37 76
37 95
37 100
37 103
37 108
37 133
37 140
37 170
37 175
37 187
37 197
38 63
38 69
38 134
38 168
38 182
39 86
39 90
39 92
39 103
39 124
39 125
39 126
39 137
39 143
39 147
39 154
39 158
39 160
40 46
40 50
40 70
40 71
40 75
40 76
40 80
40 83
40 85
40 94
40 101
40 102
40 133
40 136
40 141
40 145
40 149
40 152
40 182
40 195
41 49
41 51
41 57
41 60
41 76
41 80
41 86
41 87
41 93
41 101
41 104
41 107
41 111
41 119
41 134
41 155
41 191
42 48
42 69
42 75
42 78
42 79
42 110
42 117
42 146
42 182
42 197
43 51
43 60
43 64
43 70
43 76
43 82
43 88
43 89
43 100
43 111
43 131
43 154
43 155
43 161
43 162
43 169
43 177
43 182
43 184
43 190
44 58
44 74
44 85
44 104
44 131
44 142
44 170
44 173
44 183
44 194
45 49
45 55
45 58
45 59
45 65
45 82
45 90
45 93
45 109
45 116
45 129
45 141
45 179
45 188
46 56
46 62
46 67
46 71
46 105
46 110
46 118
46 132
46 137
46 139
46 160
46 189
46 190
46 194
46 195
47 48
47 54
47 59
47 80
47 86
47 89
47 120
47 124
47 125
47 133
47 153
47 156
47 159
47 161
47 170
47 172
47 181
47 185
47 189
47 193
48 56
48 78
48 89
48 103
48 114
48 149
48 156
48 196
49 68
49 69
49 78
49 82
49 115
49 126
49 131
49 133
49 177
49 189
50 53
50 54
50 56
50 85
50 87
50 91
50 97
50 100
50 106
50 119
50 120
50 122
50 141
50 146
50 156
50 167
50 169
50 171
50 179
50 190
51 58
51 64
51 122
51 129
51 132
51 148
51 151
51 178
51 181
51 188
51 192
51 197
52 58
52 62
52 64
52 82
52 86
52 90
52 96
52 97
52 107
52 117
52 141
52 145
52 153
52 167
52 173
52 177
53 73
53 119
53 124
53 163
53 172
53 199
54 70
54 84
54 106
54 124
54 125
54 127
54 143
54 148
54 157
54 158
54 161
54 175
54 186
54 187
54 193
55 58
55 60
55 64
55 84
55 87
55 90
55 93
55 104
55 105
55 110
55 117
55 118
55 128
55 141
55 147
55 158
55 163
55 180
55 185
55 195
55 197
56 66
56 70
56 90
56 101
56 144
56 149
56 152
56 165
56 178
56 185
56 189
56 190
56 199
57 62
57 79
57 99
57 105
57 133
57 141
57 148
57 165
57 174
57 184
57 194
58 60
58 80
58 87
58 96
58 117
58 118
58 136
58 184
58 187
59 100
59 122
59 131
59 147
59 172
60 61
60 80
60 90
60 92
60 97
60 106
60 124
60 129
60 153
60 168
60 170
61 64
61 75
61 77
61 78
61 80
61 90
61 99
61 113
61 129
61 142
61 149
61 152
61 193
61 197
62 72
62 82
62 96
62 99
62 121
62 123
62 131
62 154
62 159
63 66
63 69
63 133
63 158
63 169
63 172
63 185
63 192
64 74
64 79
64 99
64 128
64 154
64 164
64 170
64 187
64 188
64 193
65 68
65 71
65 73
65 76
65 81
65 104
65 111
65 125
65 137
65 172
65 174
65 175
65 176
65 177
65 187
65 192
66 90
66 94
66 129
66 152
66 156
66 167
66 186
66 199
67 72
67 84
67 108
67 132
67 137
67 142
67 149
67 165
67 171
67 175
67 189
68 70
68 87
68 98
68 111
68 115
68 125
68 129
68 138
68 151
68 152
68 154
68 177
68 182
69 87
69 93
69 100
69 123
69 137
69 148
69 152
69 179
69 181
69 190
69 191
69 193
69 199
70 104
70 114
70 118
70 120
70 127
70 130
70 135
70 136
70 137
70 141
70 185
70 187
70 188
70 191
71 86
71 90
71 103
71 104
71 116
71 122
71 141
71 152
71 158
71 160
71 161
71 185
71 194
72 77
72 96
72 120
72 165
72 176
72 179
72 183
72 188
72 194
73 93
73 96
73 105
73 106
73 119
73 131
73 134
73 135
73 138
73 145
73 152
73 176
73 182
73 187
73 192
74 75
74 78
74 82
74 90
74 112
74 118
74 127
74 135
74 140
74 173
74 196
75 77
75 97
75 126
75 138
75 159
75 171
75 189
75 194
75 196
75 197
75 199
76 79
76 89
76 96
76 99
76 102
76 106
76 107
76 110
76 111
76 115
76 136
76 159
76 187
76 197
77 126
77 171
77 175
77 176
77 196
78 82
78 85
78 117
78 121
78 127
78 128
78 133
78 141
78 150
78 176
78 184
78 195
79 83
79 95
79 116
79 139
79 147
79 153
79 156
79 164
79 171
79 182
79 196
79 198
79 199
80 111
80 149
80 164
80 165
80 171
80 177
80 184
81 83
81 86
81 95
81 96
81 98
81 116
81 118
81 125
81 133
81 145
81 165
81 196
82 110
82 144
82 149
82 150
82 157
82 159
82 164
82 184
82 197
83 88
83 94
83 112
83 120
83 157
83 159
83 171
83 184
84 101
84 106
84 108
84 121
84 122
84 134
84 152
84 154
84 167
84 176
85 105
85 116
85 123
85 166
85 178
85 189
86 117
86 118
86 131
86 153
86 167
86 192
87 111
87 114
87 126
87 136
87 167
87 180
87 182
87 195
88 93
88 94
88 114
88 117
88 120
88 124
88 146
88 152
88 154
88 157
88 172
88 191
88 192
88 195
89 100
89 104
89 105
89 135
89 143
89 144
89 147
89 153
89 158
89 160
89 162
89 189
89 195
90 101
90 105
90 129
90 130
90 134
90 136
90 143
90 159
90 161
90 162
90 165
90 171
90 172
90 180
90 192
90 193
90 196
90 199
91 103
91 107
91 119
91 124
91 125
91 142
91 152
91 158
91 188
92 97
92 105
92 116
92 132
92 154
92 175
92 192
93 111
93 125
93 126
93 138
93 141
93 143
93 157
93 166
93 169
93 180
93 185
93 195
94 103
94 120
94 142
94 143
94 149
94 170
94 176
94 181
95 105
95 115
95 121
95 127
95 129
95 140
95 152
95 163
95 189
95 193
95 194
95 199
96 98
96 114
96 152
96 155
96 162
96 178
96 184
96 187
96 198
97 103
97 111
97 120
97 123
97 140
97 142
97 146
97 154
97 185
97 191
97 198
98 121
98 150
98 176
99 105
99 106
99 112
99 113
99 114
99 122
99 135
99 140
99 153
99 160
99 174
99 175
99 185
99 186
100 114
100 115
100 126
100 143
100 149
100 152
100 161
100 184
101 104
101 134
101 160
101 189
102 105
102 110
102 112
102 113
102 118
102 135
102 165
102 166
102 179
102 187
103 127
103 141
103 171
103 176
103 192
104 109
104 112
104 114
104 120
104 136
104 144
104 149
104 150
104 161
104 179
104 182
104 189
104 192
105 113
105 123
105 131
105 152
105 184
105 188
105 199
106 107
106 118
106 119
106 159
106 176
106 178
106 179
107 112
107 123
107 133
107 140
107 178
107 189
107 190
108 123
108 133
108 143
108 152
108 154
108 156
108 164
108 171
108 178
108 189
108 193
109 114
109 115
109 120
109 132
109 137
109 140
109 154
109 165
109 172
109 173
109 186
109 193
109 199
110 122
110 141
110 172
110 188
110 192
110 198
111 117
111 127
111 130
111 138
111 141
111 148
111 156
111 158
111 159
111 165
111 169
111 173
111 184
111 186
112 118
112 123
112 140
112 143
112 160
112 166
112 178
112 181
112 182
112 183
112 193
113 133
113 137
113 148
113 182
113 197
114 153
114 162
114 164
114 180
114 183
114 187
114 194
115 129
115 154
115 194
116 132
116 145
116 146
116 150
116 164
116 171
116 178
116 188
116 193
116 197
116 198
117 123
117 127
117 133
117 160
117 168
117 180
117 190
118 122
118 127
118 128
118 145
118 148
118 165
118 173
118 193
118 198
119 127
119 128
119 134
119 135
119 138
119 157
119 158
119 168
119 180
120 128
120 134
120 142
120 169
120 175
120 179
120 186
121 141
121 148
121 173
121 176
121 181
122 124
122 126
122 154
122 167
122 169
122 198
123 131
123 144
123 168
123 169
124 133
124 142
124 161
124 178
124 181
124 182
124 186
124 193
125 127
125 148
125 167
125 174
125 177
125 199
126 130
126 132
126 141
126 183
126 189
127 148
127 150
127 155
127 180
128 137
128 161
128 166
128 170
128 185
128 188
129 148
129 172
129 174
129 176
130 131
130 137
130 144
130 151
130 156
130 157
130 180
130 188
130 192
131 141
131 151
131 157
131 175
131 188
132 174
132 176
133 151
133 158
133 174
133 183
133 184
133 186
133 188
133 198
134 141
134 179
134 186
135 154
135 155
135 162
135 169
135 173
135 177
135 181
135 189
135 196
136 143
136 163
136 176
136 191
136 199
137 142
137 154
137 165
137 174
137 176
137 181
137 188
138 146
138 147
138 149
138 154
138 159
138 185
138 189
139 144
139 173
139 185
139 187
140 145
140 156
140 168
140 179
140 183
140 195
140 197
141 175
141 181
141 189
141 195
142 145
142 146
142 158
142 159
142 160
142 165
142 170
142 171
142 173
142 175
142 179
142 194
142 195
142 198
143 159
143 161
144 148
144 166
144 167
144 175
144 186
144 190
145 182
145 183
145 190
146 150
146 154
146 170
146 173
146 183
146 187
146 197
147 154
147 166
147 179
147 182
147 188
147 192
148 156
148 161
148 170
148 171
149 163
149 165
149 173
149 185
149 187
149 197
150 158
150 179
151 157
151 165
151 169
151 173
151 196
152 163
152 174
152 183
152 196
153 160
153 177
153 179
153 184
153 196
154 161
154 171
154 189
155 179
155 183
155 193
156 162
156 182
156 185
156 195
157 160
157 167
157 171
157 180
157 191
157 192
157 195
158 179
159 160
159 185
159 190
160 170
160 178
160 181
160 186
160 196
160 198
161 166
161 174
162 163
162 178
162 181
162 185
162 188
162 189
162 197
162 198
163 174
164 176
164 185
164 186
164 198
165 166
166 183
167 174
167 185
167 191
168 184
168 186
169 193
169 199
170 175
170 192
170 198
171 177
171 178
171 181
171 185
171 188
171 190
172 177
173 183
173 185
174 199
175 178
175 195
176 194
176 195
176 197
176 199
178 194
178 197
179 180
179 181
179 195
182 183
182 186
183 198
184 189
185 187
186 194
186 196
189 193
190 191
192 193
192 196
196 198
