200 1010 0.8
0 2
0 21
0 22
0 39
0 84
0 104
0 122
0 146
0 148
1 4
1 24
1 59
1 66
1 113
1 132
1 134
1 141
1 160
1 163
1 165
1 173
1 180
1 190
2 8
2 136
2 165
2 170
2 195
2 199
3 17
3 24
3 26
3 34
3 40
3 95
3 96
3 128
4 18
4 47
4 48
4 60
4 62
4 65
4 104
4 105
4 128
4 137
4 163
5 31
5 70
5 104
5 124
5 125
5 128
5 131
5 142
5 143
5 152
5 161
5 174
6 130
6 131
6 139
6 171
6 172
6 188
7 45
7 51
7 87
7 120
7 121
7 125
7 178
8 9
8 16
8 19
8 20
8 62
8 85
8 93
8 116
8 151
9 11
9 48
9 89
9 93
9 122
9 152
9 177
9 183
10 13
10 20
10 30
10 50
10 79
10 100
10 144
10 178
10 199
11 29
11 31
11 94
11 95
11 125
11 145
11 153
11 161
11 184
11 193
12 33
12 41
12 47
12 53
12 63
12 108
12 130
12 168
12 172
13 26
13 59
13 94
13 96
13 130
13 139
13 142
13 181
13 189
14 22
14 54
14 75
14 110
14 118
14 143
14 151
14 154
14 197
15 20
15 23
15 49
15 76
15 89
15 109
15 113
15 127
15 128
15 133
15 173
15 177
15 188
15 196
16 31
16 32
16 36
16 54
16 81
16 127
16 142
16 180
16 185
16 192
16 197
17 27
17 28
17 29
17 45
17 53
17 68
17 76
17 84
17 92
17 101
17 115
17 134
17 142
17 158
17 163
18 20
18 21
18 23
18 37
18 54
18 66
18 76
18 91
18 123
18 130
18 163
18 186
19 36
19 57
19 64
19 77
19 79
19 85
19 117
19 136
19 143
19 154
19 183
19 184
20 38
20 49
20 67
20 87
20 92
20 97
20 104
20 116
20 140
20 141
20 154
20 174
20 192
20 196
21 35
21 45
21 90
21 93
21 100
21 104
21 106
21 125
21 173
21 190
22 41
22 93
22 94
22 100
22 105
22 110
22 117
22 124
22 143
22 149
22 172
22 177
22 188
22 191
23 42
23 77
23 120
23 141
23 145
23 171
23 173
23 192
23 199
24 29
24 44
24 55
24 72
24 101
24 103
24 110
24 112
24 138
24 142
24 144
24 147
24 164
25 32
25 48
25 57
25 64
25 81
25 148
25 161
26 51
26 133
26 155
26 172
27 122
27 129
27 137
27 139
27 161
27 171
27 187
27 191
28 34
28 35
28 38
28 57
28 87
28 104
28 123
28 138
28 145
28 151
28 161
28 183
29 44
29 62
29 69
29 82
29 92
29 112
29 142
29 143
30 33
30 49
30 60
30 74
30 107
30 112
30 135
30 167
30 198
31 45
31 61
31 96
31 104
31 117
31 129
31 138
31 140
31 158
31 189
32 46
32 72
32 73
32 74
32 95
32 104
32 124
32 133
32 153
32 163
32 194
33 34
33 48
33 57
33 108
33 135
33 150
33 162
33 168
33 175
33 189
33 199
34 87
34 98
34 104
34 126
34 131
34 137
34 143
35 57
35 60
35 63
35 116
35 119
35 153
36 38
36 69
36 80
36 104
36 129
36 143
36 170
36 175
37 38
37 44
37 70
37 105
37 110
37 133
37 158
37 160
37 190
38 54
38 87
38 101
38 120
38 123
38 184
38 192
39 61
39 70
39 92
39 106
39 144
39 163
39 184
40 107
40 125
40 128
40 144
40 148
40 150
41 91
41 106
41 111
41 117
41 124
41 176
41 183
41 195
42 69
42 92
42 161
43 71
43 101
43 111
43 115
43 121
43 146
43 160
44 48
44 67
44 81
44 83
44 111
44 124
44 155
44 156
45 139
45 169
45 196
45 199
46 53
46 56
46 85
46 95
46 96
46 109
46 123
46 146
46 169
47 52
47 88
47 101
47 134
48 53
48 93
48 111
48 120
48 133
48 139
48 142
48 146
48 171
49 136
49 140
49 193
50 106
50 123
50 137
50 166
51 79
51 88
51 117
51 122
51 129
51 137
51 140
51 143
51 150
51 163
51 196
52 76
52 85
52 87
52 129
52 137
52 140
52 141
52 164
53 70
53 91
53 115
53 123
53 137
54 57
54 86
54 120
54 126
54 153
54 164
54 191
54 196
54 199
55 82
55 118
55 121
55 153
55 166
55 183
55 197
56 85
56 95
56 116
56 118
56 124
57 61
57 69
57 92
57 118
57 141
57 161
57 179
57 188
57 191
58 60
58 66
58 74
58 75
58 115
58 148
58 156
58 159
58 160
59 95
59 107
59 114
59 137
59 166
59 194
60 63
60 84
60 111
60 123
60 153
60 163
60 192
61 84
61 123
61 133
61 162
61 167
61 169
61 173
61 175
61 178
62 82
62 87
62 95
62 100
62 108
62 127
62 172
62 173
63 72
63 86
63 87
63 91
63 92
63 107
63 120
63 184
63 192
64 67
64 91
64 104
64 153
64 171
64 187
64 192
64 197
65 67
65 91
65 109
65 126
65 188
65 197
66 87
66 113
66 161
67 98
67 156
67 159
67 173
67 184
67 197
68 71
68 73
68 91
68 98
68 115
68 126
68 165
68 180
68 194
68 195
69 76
69 80
69 81
69 92
69 127
69 139
69 177
70 115
70 119
70 146
70 147
71 87
71 137
71 140
72 91
72 99
72 103
72 109
72 126
72 182
72 191
73 87
73 96
73 122
73 131
73 140
73 142
73 173
74 82
74 83
74 90
74 126
74 148
74 157
75 80
75 112
75 135
75 153
75 171
75 175
75 180
75 194
75 199
76 93
76 96
76 114
76 124
76 159
76 183
77 78
77 90
77 166
78 83
78 85
78 115
78 139
78 151
78 195
79 102
79 113
79 146
80 94
80 99
80 134
80 136
80 178
80 185
81 107
81 117
81 122
81 124
81 126
81 143
81 171
81 188
81 198
82 94
82 99
82 106
82 121
82 125
82 136
82 156
82 183
82 190
83 85
83 141
83 158
83 164
84 125
84 138
84 151
84 160
84 183
85 101
85 105
85 110
85 152
85 158
86 93
86 94
86 115
86 152
87 104
87 105
87 134
87 142
87 159
88 90
88 104
88 118
88 167
88 169
89 97
89 178
90 138
90 174
90 189
90 190
91 121
91 125
91 179
92 130
92 135
93 118
93 122
93 147
93 188
93 193
94 103
94 109
94 156
94 163
94 174
94 177
94 181
95 97
95 105
95 114
95 137
95 156
95 163
95 164
95 169
95 176
95 180
96 125
96 158
96 160
97 144
97 164
98 112
98 150
98 173
98 193
99 130
99 190
99 195
100 149
100 151
100 156
100 174
100 175
100 194
101 118
101 120
101 168
102 124
102 189
102 195
103 105
103 106
103 132
103 140
103 182
103 190
104 119
104 130
104 133
104 160
104 174
105 149
105 164
105 168
105 189
106 109
106 116
106 121
106 134
106 151
106 198
107 119
107 121
107 140
107 161
107 187
107 194
108 111
108 133
108 141
108 144
108 156
108 160
108 192
109 131
109 172
109 183
109 191
110 121
110 132
110 157
110 180
110 191
111 161
112 140
112 145
112 146
112 164
112 169
113 115
113 117
113 142
113 161
113 183
113 185
113 187
114 128
114 135
114 150
114 155
114 167
114 186
115 143
115 153
115 188
117 125
117 135
117 162
117 183
117 185
117 195
118 125
118 126
119 140
119 165
120 144
120 164
120 168
120 179
121 133
121 143
121 149
122 123
122 133
122 162
123 133
123 178
123 199
124 125
124 134
124 138
124 151
124 156
124 157
124 160
124 172
124 187
125 127
125 133
125 138
125 143
125 146
125 148
125 155
126 151
126 175
126 177
126 179
126 195
128 133
128 139
128 149
128 167
128 173
128 176
128 181
128 182
129 137
129 153
129 161
129 175
129 183
129 184
130 166
130 167
131 134
131 147
131 150
131 151
131 161
132 150
132 156
132 159
132 163
132 167
132 171
132 175
132 179
132 191
133 142
133 182
134 142
134 151
134 157
134 169
134 178
134 194
135 137
135 164
135 187
136 171
137 147
137 173
137 183
137 186
137 187
137 188
137 189
137 196
138 141
138 162
138 175
138 189
138 194
139 184
140 163
140 168
140 172
140 180
140 185
141 143
142 160
142 188
142 199
144 155
144 184
145 164
146 165
146 169
146 174
146 192
147 149
147 165
147 167
147 179
148 189
149 150
149 167
149 168
150 154
150 179
151 156
151 182
152 173
154 170
154 190
154 194
155 158
155 164
155 172
155 192
157 175
157 193
158 165
158 171
158 172
158 180
158 186
159 162
159 169
159 182
159 193
160 176
160 198
161 175
161 185
161 199
162 172
162 184
163 172
163 174
163 186
163 192
164 177
165 174
165 198
166 180
166 187
168 173
169 181
169 185
169 193
170 173
171 174
172 176
172 180
172 186
172 192
173 189
173 192
175 181
175 186
175 188
176 184
177 181
177 185
178 181
178 189
178 192
179 188
183 196
183 199
184 192
187 193
194 196
196 198
