100 228 0.2
0 34
0 62
0 72
0 97
1 33
1 97
2 15
2 23
2 54
2 58
2 60
2 66
2 71
2 72
3 8
3 30
3 55
3 60
3 62
3 78
4 32
5 33
5 42
5 68
5 71
6 12
6 19
6 42
6 98
7 52
7 55
7 93
8 17
8 87
8 95
9 16
9 27
9 91
9 93
10 38
10 56
10 79
10 87
10 93
12 25
12 35
12 55
12 90
12 92
13 15
13 16
13 81
13 85
14 41
14 48
14 98
15 27
15 53
15 74
15 77
15 88
16 25
16 61
16 69
16 87
17 33
17 76
17 80
18 31
18 82
18 97
19 40
20 53
20 59
21 26
21 32
21 64
21 66
21 70
21 86
22 30
22 61
22 82
23 32
23 40
23 70
23 73
23 76
23 86
24 72
24 90
25 40
25 50
25 53
25 70
25 72
25 84
25 92
26 47
26 90
26 96
27 46
27 73
28 31
28 87
28 92
29 79
29 91
29 92
30 46
30 98
31 35
31 75
32 54
32 59
32 78
32 79
32 94
33 86
33 91
34 73
34 98
35 43
35 66
35 94
35 99
36 55
36 67
36 86
37 46
37 68
37 83
38 44
38 51
38 69
38 81
38 94
39 42
39 72
39 81
39 97
40 60
40 71
40 98
41 57
41 84
42 89
43 63
43 70
43 90
45 61
45 73
45 86
46 47
46 82
46 93
47 61
47 63
47 88
48 50
48 82
48 90
49 85
49 89
49 90
50 83
50 88
50 92
51 78
51 80
51 99
52 63
52 65
52 97
53 70
54 62
54 64
54 71
54 74
54 87
56 96
59 61
59 70
59 90
60 71
60 94
61 63
61 72
63 67
63 88
64 68
64 99
65 80
66 81
66 88
66 99
67 99
68 82
68 87
68 88
68 94
69 74
69 76
69 78
69 79
69 80
69 81
70 84
70 85
70 87
70 93
71 87
71 93
72 92
73 74
75 76
75 80
78 97
79 98
80 90
81 86
81 96
82 88
84 85
89 92
90 91
90 95
93 97
