200 1411 0.8
0 59
0 67
0 70
0 85
0 98
0 100
0 126
0 133
0 148
0 164
0 170
0 199
1 14
1 42
1 50
1 51
1 70
1 74
1 107
1 111
1 123
1 129
1 136
1 139
1 163
1 179
1 193
1 198
2 15
2 38
2 41
2 56
2 61
2 77
2 131
2 166
2 183
2 198
3 12
3 18
3 25
3 54
3 108
3 124
3 126
3 143
3 152
3 186
4 9
4 12
4 30
4 49
4 52
4 70
4 82
4 127
4 131
4 134
4 142
4 173
4 176
4 184
5 26
5 40
5 43
5 51
5 77
5 85
5 87
5 110
5 122
5 149
5 156
5 163
5 166
5 169
5 170
5 183
5 188
6 12
6 15
6 21
6 23
6 29
6 37
6 41
6 42
6 65
6 80
6 87
6 111
6 113
6 115
6 138
6 168
6 169
6 172
6 188
7 20
7 59
7 61
7 77
7 83
7 86
7 93
7 120
7 133
7 176
7 183
8 21
8 28
8 31
8 34
8 43
8 51
8 60
8 72
8 78
8 84
8 105
8 106
8 122
8 126
8 134
8 155
8 166
9 18
9 58
9 77
9 89
9 93
9 94
9 123
9 154
9 157
10 21
10 24
10 53
10 57
10 58
10 103
10 104
10 107
10 115
10 129
10 137
10 150
10 177
10 189
11 22
11 42
11 48
11 107
11 129
11 135
11 139
11 142
11 156
11 172
12 23
12 46
12 95
12 116
12 117
12 123
12 124
12 138
12 182
12 189
13 32
13 49
13 69
13 75
13 110
13 113
13 156
13 164
13 173
13 180
13 183
13 191
14 40
14 48
14 55
14 56
14 65
14 81
14 96
14 97
14 104
14 120
14 172
15 34
15 42
15 51
15 57
15 59
15 98
15 102
15 115
15 126
15 135
15 144
15 163
15 197
16 18
16 50
16 53
16 56
16 87
16 103
16 116
16 132
16 171
16 176
17 25
17 43
17 44
17 55
17 63
17 66
17 69
17 79
17 96
17 99
17 114
17 133
17 135
17 139
17 141
17 146
17 162
17 163
17 190
17 193
17 197
18 20
18 24
18 39
18 45
18 61
18 68
18 78
18 88
18 121
18 128
18 140
18 151
18 172
18 182
18 190
18 198
19 50
19 97
19 147
19 165
19 170
20 26
20 38
20 49
20 56
20 57
20 90
20 95
20 96
20 122
20 128
20 135
20 137
20 171
20 177
20 186
20 187
20 193
21 29
21 61
21 76
21 77
21 79
21 88
21 94
21 96
21 116
21 117
21 119
21 126
21 137
21 139
21 159
21 180
21 183
22 30
22 42
22 73
22 80
22 91
22 94
22 95
22 101
22 102
22 144
22 146
22 148
22 161
22 167
22 177
22 182
22 183
22 187
22 197
23 42
23 43
23 50
23 75
23 100
23 103
23 124
23 141
23 154
24 31
24 58
24 61
24 96
24 114
24 134
24 157
24 167
25 26
25 37
25 41
25 46
25 52
25 83
25 99
25 100
25 118
25 120
25 121
25 132
25 134
25 149
25 152
25 163
25 170
25 177
25 181
25 186
26 32
26 51
26 59
26 63
26 77
26 105
26 110
26 132
26 151
26 162
26 169
26 176
26 178
26 185
26 186
27 40
27 50
27 62
27 79
27 100
27 126
27 150
27 160
27 164
27 175
28 36
28 65
28 112
28 120
28 125
28 131
28 133
28 135
28 187
28 194
28 196
29 39
29 48
29 51
29 53
29 70
29 79
29 86
29 96
29 98
29 110
29 131
29 144
29 162
29 168
29 189
30 48
30 61
30 75
30 98
30 105
30 113
30 154
30 156
30 160
30 173
30 197
30 199
31 73
31 105
31 123
31 137
31 139
31 141
31 184
31 194
31 198
32 64
32 86
32 88
32 115
32 141
32 155
32 156
32 159
32 183
33 49
33 58
33 60
33 67
33 70
33 89
33 90
33 114
33 122
33 134
33 137
33 162
33 176
33 178
33 195
33 196
33 197
34 44
34 45
34 52
34 55
34 67
34 98
34 119
34 124
34 144
34 155
34 160
34 161
35 58
35 61
35 92
35 111
35 120
35 161
35 179
36 47
36 49
36 108
36 118
36 153
36 170
36 174
36 180
36 184
36 189
37 40
37 45
37 58
37 62
37 63
37 70
37 73
37 94
37 134
37 166
37 170
37 173
38 49
38 75
38 96
38 98
38 149
38 150
38 166
38 173
38 177
39 54
39 61
39 67
39 69
39 88
39 92
39 111
39 117
39 119
39 153
39 158
39 160
39 175
39 183
40 45
40 47
40 66
40 71
40 73
40 81
40 82
40 99
40 106
40 113
40 141
40 166
40 197
41 46
41 63
41 78
41 91
41 99
41 104
41 108
41 110
41 112
41 133
41 175
41 191
42 46
42 48
42 69
42 79
42 80
42 115
42 164
42 175
43 44
43 48
43 67
43 87
43 99
43 108
43 115
43 124
43 125
43 126
43 136
43 160
43 199
44 59
44 62
44 69
44 75
44 82
44 102
44 140
44 196
45 58
45 64
45 69
45 112
45 126
45 130
45 131
45 132
45 138
45 156
45 162
45 183
46 48
46 66
46 82
46 125
46 145
46 170
46 184
46 196
47 67
47 78
47 94
47 123
47 136
47 147
47 148
47 191
47 193
48 52
48 62
48 77
48 84
48 92
48 96
48 98
48 131
48 167
48 168
48 181
48 183
48 199
49 91
49 110
49 135
49 149
49 154
49 164
49 169
49 181
49 192
50 90
50 96
50 100
50 113
50 135
50 136
50 158
50 162
50 175
50 182
50 184
50 195
51 57
51 59
51 78
51 79
51 111
51 112
51 142
51 145
51 158
51 159
51 163
52 66
52 84
52 96
52 105
52 110
52 116
52 118
52 142
52 166
52 193
53 66
53 73
53 78
53 93
53 103
53 125
53 144
53 148
53 183
54 61
54 68
54 77
54 78
54 81
54 89
54 92
54 94
54 105
54 106
54 124
54 163
55 82
55 84
55 93
55 99
55 103
55 112
55 135
55 152
56 57
56 64
56 69
56 76
56 119
56 131
56 133
56 151
56 154
56 179
57 61
57 114
57 149
57 151
57 182
57 197
58 64
58 82
58 96
58 102
58 159
58 165
58 173
58 175
58 184
59 68
59 71
59 72
59 100
59 106
59 151
59 169
59 177
59 180
59 186
59 189
59 190
59 192
59 196
60 62
60 64
60 69
60 70
60 80
60 85
60 107
60 112
60 113
60 121
60 131
60 144
60 155
60 162
60 174
60 194
61 82
61 85
61 99
61 108
61 115
61 121
61 127
61 145
61 177
62 70
62 74
62 108
62 116
62 132
62 135
62 149
62 177
62 184
63 70
63 73
63 109
63 115
63 122
63 131
63 135
63 157
63 160
63 169
63 179
63 183
64 95
64 113
64 122
64 124
64 147
64 164
64 166
64 168
65 99
65 107
65 119
65 120
65 130
65 156
66 80
66 83
66 101
66 109
66 144
66 154
66 198
67 71
67 84
67 117
67 132
68 76
68 123
68 135
68 138
68 140
68 162
68 167
68 175
69 70
69 82
69 84
69 90
69 93
69 113
69 118
69 151
70 90
70 96
70 97
70 153
70 158
70 170
70 182
70 190
70 195
71 95
71 122
71 134
71 137
71 144
71 155
72 83
72 105
72 107
72 116
72 127
72 147
72 170
72 192
73 74
73 89
73 105
73 109
73 112
73 119
73 125
73 174
73 192
74 117
74 132
74 153
74 165
74 173
74 177
74 183
75 101
75 107
75 132
75 143
75 168
75 169
75 171
75 172
76 80
76 92
76 101
76 118
76 120
76 124
76 146
76 148
76 149
76 155
76 172
76 179
76 180
76 185
76 196
77 95
77 104
77 111
77 112
77 118
77 124
77 125
77 144
77 162
77 167
77 186
78 81
78 93
78 116
78 121
78 142
78 164
78 198
79 115
79 155
79 180
79 191
80 82
80 90
80 159
80 179
81 127
81 177
82 88
82 103
82 125
82 130
82 155
82 185
82 193
83 89
83 102
83 103
83 116
83 119
83 121
83 146
83 150
83 164
83 170
83 181
83 193
84 100
84 110
84 111
84 137
84 138
84 143
84 165
84 167
84 182
84 191
84 193
84 198
85 92
85 96
85 102
85 105
85 113
85 124
85 133
85 134
85 139
85 157
85 184
86 104
86 106
86 113
86 125
86 135
86 137
86 141
86 149
86 152
86 156
86 159
86 162
86 170
86 177
86 184
86 188
86 197
87 98
87 105
87 113
87 119
87 125
87 128
88 118
88 130
88 140
88 141
88 147
88 168
88 175
89 97
89 125
89 127
89 132
89 147
89 163
89 176
89 194
90 128
90 130
90 136
90 179
90 189
90 194
90 197
91 113
91 132
91 140
91 143
91 180
91 185
91 191
92 100
92 102
92 106
92 111
92 129
92 137
92 139
92 153
92 166
92 188
92 194
93 104
93 116
93 128
93 154
93 156
93 159
93 191
94 110
94 111
94 118
94 121
94 127
94 157
94 158
94 169
94 174
95 113
95 142
95 152
95 177
95 178
96 98
96 99
96 104
96 108
96 126
96 130
96 134
96 147
96 153
96 154
96 164
96 165
96 175
96 180
97 99
97 108
97 131
97 132
97 144
97 177
97 178
97 181
97 183
97 199
98 102
98 105
98 109
98 127
98 170
98 182
98 192
99 124
99 132
99 134
99 142
99 146
99 152
99 178
99 179
99 189
99 191
99 192
100 128
100 138
100 172
100 177
101 135
101 142
101 150
101 160
101 174
102 179
103 109
103 111
103 145
103 151
103 157
103 181
103 187
104 107
104 119
104 124
104 132
104 137
104 144
104 152
104 169
104 171
104 178
104 183
104 194
104 196
105 107
105 118
105 120
105 126
105 160
106 111
106 114
106 170
106 174
106 180
106 183
106 192
106 193
106 196
106 198
107 113
107 150
107 183
107 186
107 192
108 116
108 124
108 133
108 143
108 147
108 176
108 184
108 188
108 190
108 199
109 122
109 131
109 139
109 141
109 158
109 163
109 164
109 174
109 179
109 194
110 127
110 150
110 172
111 116
111 126
111 164
111 178
111 199
112 134
113 126
113 160
113 180
113 182
113 187
113 189
113 191
114 130
114 137
114 143
114 144
114 146
114 150
114 161
114 171
115 126
115 149
115 170
116 125
116 129
116 156
116 179
116 194
117 158
117 177
117 179
117 184
117 189
118 124
118 151
118 192
119 142
119 154
119 156
120 166
120 169
120 183
121 128
121 129
121 134
121 154
121 172
121 177
121 182
121 183
122 140
122 150
123 141
123 167
123 180
123 185
123 194
124 142
124 154
124 155
124 169
124 172
124 179
124 180
124 184
124 190
125 135
125 154
125 174
125 175
125 181
126 133
126 156
126 159
126 167
126 169
126 173
126 190
127 138
127 146
127 147
127 184
127 189
128 142
128 147
128 148
128 149
128 155
128 161
128 167
128 188
128 193
129 157
129 178
129 188
129 193
131 134
131 145
131 182
132 160
132 176
132 179
132 193
132 195
133 146
133 150
133 162
133 164
133 166
133 171
133 197
133 199
134 178
135 137
135 154
135 162
135 166
135 172
135 183
135 185
135 186
135 193
136 141
136 148
136 152
136 153
136 168
136 169
136 181
137 144
137 162
137 169
137 174
137 188
137 189
137 197
138 154
138 162
138 175
139 140
139 155
139 167
139 180
140 189
141 165
141 177
141 182
141 183
142 150
142 164
142 176
142 177
142 183
142 186
142 188
142 195
143 159
143 180
143 199
144 146
144 157
144 196
145 171
146 166
147 149
147 162
147 179
148 150
148 160
148 180
148 195
149 152
149 162
149 181
149 197
150 165
150 178
150 181
150 182
152 155
152 189
153 169
153 170
153 173
153 188
153 193
153 194
154 162
154 166
154 168
154 171
154 183
155 160
156 172
157 158
157 171
157 192
157 197
157 198
157 199
158 168
158 180
158 195
159 163
159 190
159 194
159 198
160 166
160 184
160 190
160 198
160 199
161 170
161 183
161 184
161 186
161 196
162 164
162 189
163 177
163 178
163 181
164 167
164 171
164 174
164 180
165 167
165 195
165 199
166 177
168 172
169 177
169 178
169 183
169 186
169 195
169 196
170 173
170 178
170 199
171 182
171 185
171 197
173 186
173 194
174 178
174 190
175 176
175 197
176 188
176 189
176 191
177 179
177 184
177 190
178 182
178 189
178 193
179 180
180 194
180 195
181 185
181 194
182 192
183 187
184 185
184 194
184 198
185 196
187 189
187 192
188 198
191 194
192 195
192 196
193 197
198 199
