100 437 0.2
0 3
0 19
0 31
0 39
0 61
0 67
0 80
0 83
0 88
0 89
1 6
1 7
1 39
1 49
1 55
1 71
1 96
2 21
2 23
2 24
2 28
2 66
2 68
2 91
2 92
3 20
3 36
3 40
3 54
3 67
3 69
3 77
3 89
3 95
4 39
4 42
4 52
4 53
4 54
4 69
4 71
4 81
4 89
5 15
5 33
5 41
5 42
5 43
5 71
5 80
6 14
6 26
6 27
6 39
6 42
6 47
6 87
6 88
6 98
7 25
7 33
7 34
7 39
7 46
7 51
7 54
7 61
7 69
7 88
7 92
7 96
8 56
8 60
8 68
8 71
8 72
8 79
8 81
8 85
9 11
9 15
9 19
9 30
9 35
9 39
9 45
9 55
9 72
9 86
9 95
10 22
10 31
10 41
10 61
10 78
10 83
10 84
11 53
11 63
11 65
11 66
11 75
11 78
11 97
12 33
12 44
12 46
12 76
12 79
12 80
13 28
13 51
13 53
13 69
13 80
13 92
14 24
14 33
14 44
14 54
14 65
14 85
15 36
15 38
15 42
15 45
15 53
15 58
15 69
15 74
16 23
16 55
16 65
16 78
16 91
17 27
17 40
17 52
17 58
17 68
17 86
17 94
18 31
18 52
18 71
18 88
19 25
19 45
19 47
19 59
19 64
19 72
19 77
19 83
19 95
19 98
20 25
20 28
20 36
20 45
20 47
20 70
20 80
20 94
21 38
21 44
21 54
21 57
21 67
21 80
21 85
21 87
21 91
22 23
22 29
22 35
22 37
22 51
22 57
22 63
22 77
22 81
22 84
22 91
23 43
23 46
23 72
23 96
24 57
24 63
24 85
24 86
24 88
24 97
24 99
25 42
25 54
25 55
25 76
25 79
25 81
25 88
25 90
25 94
25 97
26 36
26 37
26 62
26 69
26 74
26 84
26 87
26 93
27 47
27 49
27 66
27 74
27 90
27 97
28 37
28 40
28 48
28 79
28 97
29 34
29 45
29 48
29 55
29 66
29 70
29 74
29 81
30 33
30 58
30 65
30 67
30 69
30 70
30 75
30 84
31 33
31 38
31 40
31 42
31 46
31 51
31 66
31 83
31 92
32 38
32 40
32 44
32 53
32 66
32 78
32 80
32 81
32 92
32 93
33 60
33 74
33 79
33 93
34 36
34 37
34 38
34 67
34 81
34 96
34 98
35 39
35 42
35 60
35 66
35 69
35 72
35 87
36 53
36 63
36 67
36 74
36 81
36 91
37 44
37 53
37 54
37 62
37 70
38 42
38 58
38 59
38 60
38 81
39 51
39 83
39 88
39 98
40 59
40 69
40 88
40 96
41 52
41 80
41 96
42 45
42 47
42 51
42 53
42 67
42 72
42 89
42 90
42 95
43 49
43 63
43 79
43 84
43 93
44 68
44 86
44 88
44 98
45 46
45 65
45 67
45 79
45 93
46 54
46 57
46 67
46 79
46 98
47 48
47 54
47 59
47 68
47 95
48 67
48 69
48 70
48 79
48 88
48 91
49 50
49 54
49 86
49 93
51 61
51 72
52 86
52 99
53 64
53 75
53 78
53 90
54 74
54 98
55 65
56 60
56 65
56 82
57 61
57 64
57 72
57 74
58 63
58 74
58 82
58 97
59 87
60 67
61 68
61 73
61 90
62 63
62 71
62 77
62 78
63 67
63 69
63 70
63 75
63 96
64 77
65 84
65 86
65 87
65 88
65 89
65 94
65 96
66 71
66 73
66 92
66 99
67 71
67 72
67 76
68 73
68 80
68 95
68 97
69 99
70 73
70 80
70 92
71 73
71 85
71 89
73 76
73 78
73 82
73 88
73 94
74 75
76 77
76 82
76 89
77 82
78 91
79 95
79 96
80 86
81 86
81 91
81 98
82 83
82 98
83 98
84 88
84 97
85 89
86 88
86 91
87 99
88 93
90 91
