200 1392 0.5
0 17
0 38
0 55
0 85
0 118
0 123
0 148
0 149
0 171
0 173
0 181
1 19
1 37
1 41
1 52
1 65
1 81
1 110
1 130
1 143
1 161
1 165
2 7
2 19
2 30
2 34
2 44
2 84
2 94
2 99
2 117
2 127
2 149
2 151
2 163
2 165
2 193
3 12
3 13
3 53
3 58
3 62
3 74
3 81
3 105
3 106
3 113
3 120
3 129
3 134
3 167
3 169
3 177
3 185
3 193
4 7
4 28
4 33
4 39
4 40
4 61
4 74
4 77
4 78
4 83
4 108
4 109
4 136
4 138
4 142
4 151
4 155
4 178
4 184
4 188
4 189
4 192
5 41
5 72
5 74
5 97
5 100
5 111
5 117
5 119
5 132
5 166
6 18
6 20
6 25
6 45
6 79
6 113
6 123
6 153
6 157
6 166
6 169
6 176
7 11
7 22
7 25
7 29
7 32
7 45
7 63
7 64
7 108
7 112
7 177
8 22
8 23
8 37
8 39
8 84
8 87
8 101
8 111
8 115
8 121
8 134
8 157
8 169
8 176
8 177
9 23
9 37
9 42
9 43
9 49
9 61
9 97
9 114
9 122
9 138
9 139
9 165
10 24
10 33
10 52
10 60
10 66
10 69
10 90
10 92
10 102
10 120
10 130
10 134
10 139
10 170
10 177
10 194
11 57
11 81
11 107
11 130
11 153
11 157
11 168
12 13
12 33
12 38
12 49
12 51
12 68
12 123
12 134
12 139
12 143
12 147
12 148
12 155
12 158
12 159
12 160
12 175
12 182
12 197
13 19
13 37
13 58
13 69
13 103
13 122
13 146
13 151
13 162
13 176
13 190
13 194
13 195
13 198
14 51
14 75
14 77
14 86
14 89
14 129
14 179
14 183
14 190
15 18
15 59
15 61
15 70
15 72
15 74
15 103
15 128
15 147
15 171
15 183
15 192
15 196
16 29
16 40
16 77
16 78
16 86
16 94
16 103
16 132
16 141
16 154
16 155
16 170
16 178
16 187
17 32
17 44
17 45
17 63
17 74
17 83
17 89
17 102
17 116
17 122
17 130
17 133
18 24
18 35
18 37
18 48
18 51
18 62
18 68
18 89
18 93
18 100
18 101
18 110
18 112
18 127
18 163
18 181
18 184
18 190
18 191
18 192
18 199
19 29
19 47
19 49
19 53
19 59
19 61
19 66
19 71
19 84
19 85
19 89
19 99
19 104
19 131
19 154
19 164
20 48
20 49
20 60
20 71
20 106
20 152
20 158
20 181
21 26
21 27
21 31
21 35
21 40
21 53
21 54
21 60
21 74
21 95
21 96
21 107
21 109
21 111
21 113
21 121
21 125
21 165
22 27
22 40
22 46
22 87
22 104
22 116
22 134
22 149
22 169
22 193
23 47
23 74
23 75
23 89
23 94
23 102
23 122
23 123
23 128
23 143
23 144
23 157
23 179
23 199
24 30
24 33
24 34
24 50
24 78
24 93
24 102
24 133
24 157
24 177
25 27
25 31
25 44
25 48
25 86
25 100
25 129
25 140
25 141
25 155
25 156
25 198
26 46
26 51
26 78
26 82
26 85
26 104
26 119
26 130
26 135
26 139
26 143
26 146
26 165
26 170
26 185
27 33
27 59
27 76
27 81
27 93
27 113
27 116
27 123
27 134
27 141
27 149
27 150
27 185
28 57
28 58
28 71
28 76
28 79
28 92
28 96
28 124
28 140
28 141
28 147
28 160
28 168
28 170
28 171
28 196
28 198
28 199
29 49
29 65
29 68
29 73
29 74
29 75
29 91
29 148
29 159
29 165
29 194
29 195
29 197
30 48
30 50
30 52
30 64
30 75
30 86
30 118
30 128
30 158
30 190
31 53
31 63
31 67
31 85
31 91
31 106
31 127
31 137
31 168
31 179
31 180
31 183
32 42
32 67
32 97
32 108
32 114
32 130
32 150
32 170
33 49
33 52
33 70
33 86
33 95
33 97
33 101
33 112
33 134
33 142
33 150
33 152
33 171
33 182
33 185
34 62
34 71
34 91
34 105
34 120
34 132
34 133
34 191
34 193
34 199
35 40
35 58
35 60
35 74
35 105
35 108
35 133
35 134
35 165
35 169
35 188
35 197
35 198
36 49
36 73
36 117
36 136
36 138
36 146
36 175
37 41
37 42
37 47
37 83
37 98
37 112
37 182
38 47
38 53
38 80
38 113
38 124
38 127
38 198
39 84
39 93
39 104
39 120
39 121
39 140
39 143
39 147
39 176
39 194
40 45
40 50
40 65
40 81
40 109
40 119
40 138
40 140
40 150
40 176
40 197
41 90
41 96
41 126
41 130
41 150
41 172
41 175
41 183
41 185
42 62
42 80
42 83
42 85
42 127
42 193
43 52
43 73
43 85
43 109
43 141
43 167
44 56
44 59
44 73
44 88
44 119
44 128
44 140
44 142
44 143
44 147
44 151
44 162
44 165
44 179
44 195
45 55
45 59
45 72
45 75
45 96
45 103
45 107
45 112
45 139
45 149
45 158
45 164
45 176
45 178
45 191
46 89
46 96
46 105
46 108
46 118
46 134
46 144
46 145
46 159
46 170
46 172
46 193
47 63
47 69
47 93
47 165
47 178
47 184
47 185
47 196
48 80
48 113
48 160
48 183
48 194
49 62
49 96
49 104
49 105
49 109
49 138
49 139
49 167
50 51
50 57
50 81
50 87
50 90
50 115
50 128
50 142
50 143
50 179
50 190
51 68
51 83
51 94
51 109
51 115
51 142
51 177
52 55
52 57
52 60
52 69
52 82
52 144
52 169
52 189
53 63
53 65
53 88
53 95
53 96
53 103
53 117
53 122
53 138
53 171
54 65
54 95
54 97
54 104
54 111
54 125
54 143
54 145
54 150
54 157
54 161
54 174
54 192
55 58
55 60
55 78
55 98
55 121
55 123
55 156
55 165
55 185
55 196
56 82
56 84
56 123
56 163
56 198
57 74
57 82
57 132
57 136
57 145
57 158
57 163
57 164
57 190
57 199
58 108
58 110
58 115
58 116
58 129
58 145
58 162
58 181
58 182
58 191
59 76
59 102
59 111
59 114
59 126
59 135
59 137
59 163
59 165
60 80
60 95
60 100
60 119
60 156
60 161
60 164
61 83
61 103
61 113
61 124
61 130
61 132
61 138
61 140
61 158
61 167
61 177
62 69
62 71
62 89
62 109
62 115
62 121
62 136
62 152
62 166
62 167
63 82
63 93
63 104
63 128
63 133
63 167
63 183
63 194
63 196
63 199
64 71
64 92
64 107
64 115
64 118
64 147
64 151
64 158
64 168
64 170
64 197
65 77
65 103
65 109
65 148
65 158
65 183
65 184
65 194
66 73
66 75
66 104
66 133
66 139
66 140
66 141
66 151
66 162
66 187
67 68
67 72
67 94
67 101
67 107
67 114
67 115
67 125
67 129
67 137
67 155
67 168
67 179
67 187
68 73
68 87
68 99
68 100
68 120
68 123
68 130
68 131
68 140
68 151
68 183
68 184
69 81
69 86
69 94
69 99
69 121
69 134
69 148
69 156
69 163
69 195
70 81
70 112
70 125
70 138
70 162
70 169
70 174
70 179
71 78
71 79
71 84
71 88
71 97
71 99
71 102
71 105
71 118
71 131
71 136
71 146
71 157
71 174
71 176
71 177
71 181
72 77
72 82
72 84
72 103
72 125
72 129
72 160
72 169
72 195
73 92
73 96
73 120
73 125
73 140
73 148
73 153
73 158
73 188
73 199
74 76
74 87
74 99
74 104
74 111
74 112
74 115
74 121
74 130
74 134
74 142
74 168
75 95
75 127
75 128
75 139
75 157
76 96
76 120
76 123
76 135
76 142
76 143
76 146
76 158
76 166
76 171
76 173
77 91
77 99
77 115
77 121
77 132
77 139
77 150
77 162
77 181
77 184
77 189
77 199
78 95
78 117
78 129
78 140
78 147
78 153
78 173
78 175
78 177
78 183
79 91
79 93
79 94
79 107
79 115
79 121
79 125
79 134
79 137
79 163
79 193
79 199
80 82
80 114
80 119
80 120
80 129
80 141
80 157
80 163
80 187
81 85
81 101
81 130
81 134
81 143
81 162
81 171
81 178
82 114
82 132
82 134
82 139
82 145
82 146
82 149
82 153
82 156
82 159
82 177
83 91
83 106
83 113
83 118
83 127
83 128
83 131
83 132
83 157
83 193
84 105
84 111
84 128
84 136
84 161
84 178
84 192
85 90
85 117
85 121
85 131
85 135
85 138
85 150
85 153
85 185
85 189
85 190
86 87
86 94
86 111
86 125
86 166
86 181
87 135
87 136
87 140
87 144
87 152
87 160
87 166
87 195
88 92
88 120
88 134
88 155
88 164
88 183
88 197
89 99
89 124
90 102
90 108
90 110
90 192
90 193
91 111
91 112
91 121
91 157
91 173
91 176
92 93
92 94
92 111
92 147
92 154
92 171
92 183
92 196
92 199
93 115
93 121
93 138
93 144
93 166
93 167
93 186
93 187
93 192
94 110
94 112
94 115
94 119
94 158
95 104
95 106
95 117
95 119
95 129
95 131
95 138
95 141
95 149
95 158
95 159
95 167
96 99
96 100
96 103
96 106
96 118
96 130
96 175
96 188
97 98
97 119
97 121
97 130
97 138
97 142
97 157
97 158
98 101
98 103
98 121
98 122
98 150
98 158
98 174
98 176
99 103
99 157
99 170
100 106
100 110
100 127
100 132
100 134
100 157
100 158
100 171
100 195
101 115
101 126
101 133
101 152
101 164
101 192
102 104
102 109
102 115
102 187
102 195
102 196
102 198
103 118
103 119
103 129
103 141
103 159
103 184
104 110
104 121
104 141
104 167
104 194
105 108
105 114
105 118
105 132
105 146
105 173
105 176
105 178
105 187
106 114
106 117
106 156
106 162
106 175
106 194
106 195
106 198
107 110
107 122
107 123
107 125
107 133
107 134
107 136
107 144
107 147
108 123
108 134
108 152
108 155
108 173
108 198
109 114
109 133
109 134
109 148
109 151
109 178
110 139
110 157
110 182
110 187
111 124
111 134
111 151
111 165
111 183
112 122
112 137
112 175
112 189
113 123
113 126
113 147
113 182
114 122
114 134
114 146
114 190
114 199
115 132
115 151
116 142
116 164
116 166
116 167
116 183
116 184
116 191
117 119
117 121
117 141
117 165
117 186
117 189
118 130
118 191
118 193
119 130
119 133
119 169
119 178
119 179
119 187
119 195
120 124
120 129
120 165
120 167
120 175
120 182
121 138
121 149
121 163
121 184
121 195
122 133
122 165
122 167
122 180
122 197
122 198
123 130
123 137
123 158
123 165
123 168
124 135
124 144
124 163
124 164
124 168
124 174
124 183
124 191
124 193
125 140
125 147
125 151
125 153
125 166
125 167
125 178
126 132
126 148
126 150
126 156
126 157
126 158
126 186
126 192
126 194
126 199
127 135
127 148
127 150
127 159
127 183
127 191
128 168
128 172
128 178
128 189
129 133
129 134
129 149
129 151
130 177
130 196
131 142
131 144
131 161
131 178
131 179
131 185
132 138
132 152
132 154
132 182
132 196
133 145
133 149
133 158
133 162
133 171
133 173
134 141
134 152
134 161
134 165
134 182
134 193
135 148
135 167
135 168
135 184
135 191
135 195
135 198
136 139
138 154
138 169
138 190
138 199
139 147
139 180
139 187
139 198
140 148
140 189
140 190
140 191
140 198
140 199
141 154
141 181
141 182
142 144
142 150
142 156
142 168
142 171
142 177
142 186
143 150
143 151
143 156
143 176
143 177
144 153
144 178
144 186
144 190
144 197
145 153
145 185
145 191
145 194
145 195
146 174
146 185
147 149
147 151
147 155
147 197
149 155
149 159
149 172
149 174
149 179
149 185
149 194
150 157
150 172
150 179
150 184
150 194
150 199
151 156
151 158
151 159
151 186
151 190
152 155
152 171
153 181
154 192
155 163
156 184
156 196
157 162
157 183
158 159
158 177
159 174
159 189
160 192
161 176
161 183
161 189
161 194
162 163
162 172
163 183
165 177
165 185
166 177
166 188
167 172
167 191
168 173
168 175
169 181
170 175
170 189
170 191
170 194
171 195
172 173
172 179
172 187
172 193
172 196
173 182
173 199
174 183
174 188
178 191
178 198
179 183
179 186
179 194
179 197
181 184
183 187
185 197
187 189
188 191
189 191
189 195
194 195
194 198
