200 1646 0.5
0 2
0 20
0 30
0 34
0 46
0 123
0 125
0 126
0 128
0 135
0 141
0 155
0 172
0 177
0 185
1 7
1 41
1 50
1 55
1 66
1 70
1 71
1 74
1 91
1 106
1 120
1 134
1 136
1 143
1 162
1 186
2 8
2 35
2 46
2 69
2 104
2 143
2 148
2 157
2 179
2 188
2 197
3 5
3 7
3 45
3 52
3 53
3 63
3 68
3 77
3 80
3 88
3 96
3 97
3 107
3 139
3 145
3 156
3 166
3 187
4 18
4 32
4 39
4 57
4 70
4 83
4 86
4 113
4 116
4 134
4 141
4 149
4 154
4 177
4 189
4 191
5 10
5 14
5 35
5 57
5 60
5 70
5 74
5 83
5 92
5 103
5 112
5 113
5 116
5 121
5 122
5 145
5 147
5 155
5 159
5 161
5 162
5 183
5 189
6 29
6 38
6 48
6 57
6 62
6 82
6 93
6 101
6 103
6 116
6 124
6 155
6 158
6 159
6 172
6 191
6 195
7 28
7 38
7 56
7 70
7 72
7 91
7 113
7 114
7 126
7 145
7 151
7 153
7 164
7 175
7 193
7 194
8 14
8 38
8 53
8 56
8 66
8 72
8 78
8 89
8 115
8 120
8 155
8 196
9 56
9 70
9 82
9 86
9 93
9 95
9 98
9 101
9 109
9 120
9 148
9 172
9 198
10 20
10 42
10 58
10 59
10 69
10 90
10 97
10 115
10 157
10 167
10 172
11 35
11 45
11 60
11 63
11 72
11 75
11 82
11 85
11 108
11 112
11 144
11 148
11 160
11 175
11 199
12 32
12 40
12 45
12 47
12 48
12 63
12 70
12 98
12 114
12 120
12 131
12 135
12 166
12 170
12 188
12 189
12 191
13 33
13 40
13 59
13 60
13 81
13 84
13 89
13 125
13 134
13 143
13 166
14 36
14 65
14 73
14 74
14 81
14 82
14 90
14 107
14 115
14 116
14 128
14 132
14 170
14 176
14 180
14 197
15 39
15 42
15 73
15 91
15 97
15 98
15 109
15 147
15 150
15 194
16 25
16 37
16 43
16 51
16 70
16 85
16 89
16 95
16 98
16 109
16 121
16 130
16 131
16 149
16 188
16 192
17 20
17 35
17 37
17 66
17 78
17 129
17 140
17 143
17 189
17 192
18 28
18 29
18 33
18 45
18 46
18 55
18 64
18 74
18 77
18 79
18 80
18 83
18 93
18 114
18 129
18 131
18 150
18 156
18 163
18 166
18 170
18 189
19 31
19 39
19 42
19 74
19 75
19 86
19 116
19 120
19 123
19 156
19 164
19 171
20 28
20 43
20 50
20 84
20 99
20 102
20 134
20 150
20 161
20 163
20 187
20 195
21 39
21 49
21 54
21 58
21 84
21 88
21 91
21 102
21 104
21 106
21 126
21 141
21 160
21 167
21 177
21 197
22 70
22 71
22 75
22 98
22 103
22 114
22 123
22 135
22 136
22 140
22 143
22 151
22 174
22 184
23 30
23 43
23 53
23 61
23 70
23 84
23 110
23 111
23 129
23 173
23 183
23 185
24 45
24 53
24 68
24 76
24 103
24 112
24 123
24 144
24 160
24 162
24 183
24 186
25 39
25 56
25 78
25 95
25 123
25 130
25 144
25 165
25 167
25 169
25 171
25 180
26 32
26 43
26 49
26 66
26 79
26 86
26 87
26 97
26 102
26 106
26 124
26 129
26 142
26 146
26 148
26 186
27 28
27 34
27 50
27 56
27 64
27 68
27 75
27 116
27 121
27 127
27 135
27 136
27 137
27 138
27 148
27 150
27 154
27 155
27 166
27 170
27 177
27 199
28 37
28 42
28 75
28 107
28 118
28 119
28 149
28 151
28 155
28 156
28 177
28 180
28 198
29 36
29 49
29 53
29 91
29 108
29 135
29 141
29 145
29 150
29 169
29 179
29 185
29 186
29 196
30 31
30 46
30 51
30 68
30 81
30 85
30 121
30 142
30 156
30 171
30 173
30 197
31 49
31 55
31 82
31 91
31 98
31 133
31 136
31 148
31 165
31 169
31 176
32 44
32 53
32 56
32 59
32 61
32 64
32 73
32 76
32 78
32 81
32 91
32 103
32 111
32 117
32 142
32 144
32 155
32 156
32 184
32 196
33 34
33 36
33 94
33 112
33 120
33 131
33 138
33 146
33 154
33 178
34 38
34 47
34 50
34 64
34 66
34 88
34 100
34 116
34 118
34 123
34 138
34 152
34 156
34 160
34 163
34 167
35 36
35 39
35 44
35 49
35 53
35 59
35 64
35 80
35 94
35 97
35 106
35 117
35 134
35 144
35 156
35 172
36 40
36 52
36 53
36 54
36 69
36 72
36 75
36 81
36 88
36 90
36 100
36 139
36 143
36 153
36 173
36 181
37 46
37 54
37 55
37 80
37 109
37 145
37 148
37 199
38 46
38 48
38 73
38 90
38 100
38 103
38 113
38 131
38 134
38 157
38 159
38 177
38 185
38 189
38 198
39 45
39 51
39 53
39 64
39 117
39 122
39 123
39 130
39 140
39 157
39 158
39 166
39 167
39 189
39 191
40 47
40 48
40 50
40 53
40 59
40 61
40 68
40 69
40 82
40 115
40 124
40 133
40 142
40 147
40 173
40 177
40 196
41 60
41 84
41 94
41 109
41 123
41 129
41 132
41 145
41 147
41 160
41 168
41 196
42 50
42 51
42 72
42 79
42 85
42 96
42 97
42 114
42 115
42 127
42 136
42 139
42 160
42 171
42 183
42 192
42 194
42 197
43 45
43 70
43 84
43 96
43 100
43 102
43 105
43 113
43 118
43 119
43 141
43 149
43 157
43 163
43 166
43 169
43 182
43 184
43 191
44 67
44 83
44 97
44 104
44 135
44 151
44 154
44 172
44 173
44 185
44 192
44 193
45 74
45 88
45 101
45 105
45 107
45 108
45 126
45 127
45 158
45 190
46 69
46 80
46 81
46 86
46 89
46 93
46 102
46 116
46 141
46 153
46 163
46 186
46 199
47 78
47 92
47 96
47 116
47 122
47 125
47 146
47 148
47 152
47 160
47 189
47 191
47 197
48 70
48 81
48 109
48 156
48 160
48 176
48 185
49 55
49 56
49 67
49 82
49 86
49 130
49 137
49 138
49 151
49 177
50 61
50 75
50 87
50 90
50 94
50 105
50 107
50 130
50 162
50 170
50 182
51 57
51 64
51 79
51 80
51 89
51 104
51 128
51 136
51 171
51 180
51 192
51 197
52 59
52 86
52 95
52 96
52 99
52 102
52 110
52 162
52 166
52 182
52 183
53 85
53 92
53 116
53 137
53 146
53 181
53 183
53 198
54 59
54 69
54 74
54 104
54 106
54 118
54 154
54 162
54 191
55 62
55 65
55 66
55 85
55 88
55 99
55 115
55 120
55 127
55 128
55 139
55 142
55 187
55 190
56 62
56 67
56 84
56 112
56 125
56 129
56 137
56 142
56 152
56 174
56 181
57 76
57 81
57 91
57 95
57 108
57 113
57 124
57 132
57 143
57 148
57 182
57 199
58 72
58 96
58 99
58 127
58 129
58 132
58 142
58 144
58 156
58 181
58 183
58 187
59 64
59 84
59 95
59 121
59 128
59 131
59 164
59 171
59 176
59 181
59 182
59 184
59 187
59 194
60 68
60 76
60 79
60 85
60 86
60 98
60 124
60 127
60 145
60 154
60 163
60 175
60 178
60 187
60 193
60 194
61 63
61 65
61 80
61 83
61 85
61 118
61 140
61 144
61 147
61 163
61 174
61 191
61 197
62 71
62 75
62 80
62 82
62 105
62 112
62 144
62 147
62 158
62 196
63 108
63 109
63 110
63 112
63 121
63 198
64 91
64 110
64 123
64 132
64 146
64 152
64 166
64 175
64 177
64 181
65 72
65 97
65 107
65 108
65 122
65 151
65 167
65 172
65 184
66 75
66 79
66 84
66 86
66 105
66 131
66 132
66 140
66 142
66 153
66 174
67 72
67 85
67 88
67 113
67 125
67 146
67 155
67 187
67 190
68 73
68 82
68 90
68 126
68 128
68 137
68 139
68 145
68 155
68 175
69 80
69 129
69 150
69 165
69 166
69 190
69 197
70 79
70 86
70 97
70 114
70 124
70 139
70 160
70 163
70 169
70 170
70 178
70 180
70 192
70 197
71 76
71 97
71 120
71 138
71 147
71 159
71 167
71 169
71 191
72 76
72 77
72 91
72 120
72 134
72 135
72 137
72 139
72 140
72 150
72 154
72 156
72 161
72 167
72 170
72 172
72 182
72 190
72 195
73 74
73 81
73 94
73 120
73 129
73 142
73 173
73 192
73 198
74 86
74 102
74 121
74 122
74 124
74 127
74 150
74 161
74 165
74 187
74 195
74 199
75 77
75 79
75 93
75 98
75 105
75 106
75 116
75 136
75 145
75 149
75 173
75 176
75 178
76 93
76 104
76 114
76 116
76 138
76 140
76 165
76 171
76 182
76 186
76 188
76 191
76 196
76 197
77 80
77 100
77 111
77 122
77 127
77 143
77 162
77 178
77 199
78 101
78 113
78 121
78 130
78 137
78 141
78 149
78 175
78 183
78 199
79 89
79 109
79 121
79 138
79 165
80 90
80 98
80 99
80 112
80 114
80 115
80 131
80 147
80 168
80 180
80 183
80 188
81 87
81 94
81 162
81 178
81 199
82 103
82 113
82 135
82 137
82 141
82 172
82 179
82 184
82 187
82 191
83 84
83 88
83 91
83 102
83 107
83 122
83 126
83 131
84 116
84 118
84 125
84 155
84 160
84 161
84 165
84 182
84 198
84 199
85 114
85 121
85 122
85 153
85 154
85 168
85 177
85 199
86 88
86 92
86 100
86 106
86 113
86 155
86 164
86 167
86 170
86 188
87 88
87 97
87 113
87 153
87 160
87 163
87 168
87 171
88 92
88 99
88 103
88 108
88 117
88 120
88 129
88 138
88 168
88 174
88 178
89 107
89 113
89 139
89 154
89 155
89 162
89 167
89 173
89 188
90 100
90 124
90 125
90 137
90 155
90 163
90 173
90 181
91 97
91 154
92 115
92 145
92 158
92 180
92 185
92 193
92 194
92 195
93 104
93 113
93 117
93 167
93 171
93 177
93 179
93 180
93 185
94 136
94 185
94 196
95 96
95 101
95 104
95 144
95 147
95 151
95 164
95 166
95 173
95 188
96 105
96 111
96 127
96 140
96 162
96 188
96 190
97 100
97 101
97 114
97 115
97 116
97 123
97 125
97 137
97 151
97 197
97 199
98 105
98 106
98 115
98 120
98 129
98 135
98 150
98 165
98 178
98 186
98 187
99 115
99 117
99 119
99 144
99 150
99 151
99 160
99 166
99 177
99 192
100 133
100 136
100 140
100 147
100 149
100 152
100 158
100 177
100 178
100 180
100 189
100 195
101 108
101 118
101 130
101 133
101 139
101 150
101 154
101 160
101 173
101 175
101 176
101 195
101 197
102 109
102 118
102 130
102 154
102 173
102 188
102 189
102 192
103 110
103 116
103 122
103 133
103 134
103 143
103 144
103 145
103 155
103 156
103 170
103 183
104 114
104 122
104 126
104 131
104 150
104 151
104 153
104 173
104 182
104 189
104 197
105 110
105 112
105 124
105 135
105 152
105 153
105 159
105 161
105 182
106 134
106 149
106 154
106 164
106 167
106 175
106 181
106 185
107 144
107 161
107 166
107 169
107 178
107 184
107 189
108 117
108 130
108 139
108 144
108 158
108 177
109 117
109 126
109 138
109 142
109 170
109 186
110 117
110 142
110 145
110 149
110 195
111 126
111 127
111 132
111 149
111 150
111 168
111 191
111 197
112 138
112 143
112 148
112 161
112 167
112 170
113 130
113 146
113 148
113 156
113 169
113 179
113 193
113 197
114 127
114 147
114 171
114 187
114 188
114 191
115 130
115 135
115 137
115 143
115 160
115 165
115 171
115 175
115 194
115 195
116 119
116 129
116 135
116 137
116 170
116 180
116 191
116 197
117 129
117 145
117 153
117 160
117 163
117 164
117 166
117 174
118 127
118 138
119 135
119 138
119 139
119 151
119 170
119 173
119 190
119 191
120 174
120 185
121 122
121 154
121 180
121 186
121 191
121 196
122 147
122 161
122 170
122 174
122 194
122 199
123 138
123 157
123 161
123 187
123 189
123 191
123 194
123 198
124 144
124 155
124 163
124 179
124 186
124 191
124 199
125 128
125 129
125 138
125 152
125 172
125 173
125 193
125 195
126 127
126 151
126 158
126 177
126 185
126 188
126 193
127 130
127 164
127 169
127 197
128 135
128 175
128 191
128 199
129 147
129 149
129 165
129 166
129 189
130 134
130 144
130 146
130 157
130 174
131 135
131 162
131 185
131 195
131 196
132 141
132 154
132 158
132 163
132 172
132 173
132 198
133 136
133 137
133 140
133 186
133 194
133 198
134 149
134 155
134 159
134 168
134 170
134 182
134 196
135 142
135 149
135 154
135 168
136 140
136 142
136 152
136 169
136 180
136 188
136 196
137 159
137 161
137 189
138 147
138 151
138 162
138 170
138 178
138 185
138 192
139 144
139 148
139 156
139 168
139 173
139 179
140 178
140 190
141 153
141 160
141 188
142 143
142 153
142 172
142 174
142 175
142 176
142 177
142 190
143 161
143 162
143 164
143 170
143 179
144 148
144 156
144 160
144 168
144 187
144 191
145 160
145 176
145 180
145 188
146 157
146 172
146 173
146 176
146 178
147 151
147 171
148 150
148 173
148 177
148 179
148 194
149 159
149 184
149 188
149 189
149 191
150 152
150 153
150 160
150 161
150 173
150 176
151 159
151 171
151 177
151 194
151 195
152 155
152 166
152 177
152 181
153 170
153 179
153 197
154 163
154 168
154 176
154 180
155 157
155 164
155 169
155 194
155 198
156 159
156 170
156 175
156 190
156 197
157 167
157 176
158 175
158 177
158 180
158 185
159 169
159 173
159 178
159 186
160 166
160 194
161 173
161 175
162 163
162 166
162 167
162 170
163 175
163 197
164 191
164 198
165 170
165 180
165 187
165 192
166 171
166 183
166 195
167 183
168 199
169 191
169 192
169 194
169 197
169 198
170 184
170 185
170 190
170 194
171 172
171 177
171 182
171 187
172 177
172 181
172 191
172 196
172 199
173 175
173 191
173 192
174 185
174 191
174 195
175 177
175 184
175 185
175 186
175 199
176 181
176 195
177 198
179 186
180 198
181 192
181 194
183 187
184 185
184 191
184 197
186 194
186 196
187 197
188 191
188 197
188 198
190 191
190 193
190 199
191 195
192 193
192 194
193 199
196 198
