100 308 0.2
0 7
0 24
0 37
0 63
0 76
1 11
1 27
1 41
1 64
1 74
1 78
2 22
2 72
2 85
3 5
3 14
3 38
3 42
3 45
3 62
3 66
3 86
3 90
4 8
4 31
4 45
4 50
4 79
4 99
5 27
5 36
5 44
5 78
6 40
6 41
7 9
7 30
7 34
7 39
7 59
7 88
8 13
8 15
8 41
8 59
8 70
8 92
9 52
9 58
9 74
10 15
10 38
10 50
10 52
10 57
10 78
10 83
10 85
10 90
10 94
11 28
11 32
11 46
11 53
11 61
11 99
12 37
12 45
12 68
12 71
12 82
12 96
13 34
14 31
14 33
14 49
14 92
15 51
15 56
15 69
15 86
15 95
16 41
16 59
16 63
16 68
16 78
16 89
17 19
17 22
17 24
17 45
17 47
17 55
17 56
17 73
17 92
18 31
18 36
18 45
18 52
18 62
18 88
18 89
19 24
19 27
19 71
19 83
20 57
20 58
20 68
20 72
20 84
20 89
21 72
22 23
22 49
22 70
22 84
22 87
22 95
23 27
23 37
23 99
24 33
24 80
24 82
24 97
25 34
25 36
25 64
26 41
26 76
27 31
27 38
27 42
27 49
27 55
27 63
27 91
28 66
29 35
29 39
29 43
29 78
29 81
29 91
30 45
30 84
30 96
31 34
31 42
31 76
31 85
31 95
32 49
32 58
32 73
32 74
32 77
33 38
33 63
34 35
34 47
34 86
34 92
35 43
35 46
35 47
35 52
35 85
35 91
36 37
36 46
36 56
36 73
37 53
37 60
37 62
37 77
37 97
38 41
38 52
38 61
38 76
38 79
39 61
39 68
39 75
39 81
39 82
39 93
39 98
40 56
40 79
40 80
40 88
41 45
41 58
41 69
41 95
42 49
42 55
42 56
42 64
43 48
43 51
43 74
44 50
44 54
44 64
44 66
44 71
44 86
45 52
45 65
45 82
45 87
46 79
46 83
46 84
46 86
47 49
47 52
47 61
47 76
48 60
48 71
48 80
48 83
49 59
49 74
49 75
49 95
50 84
50 87
50 88
50 97
51 63
51 73
51 84
52 60
52 81
53 70
53 74
53 81
53 83
54 69
54 70
55 59
55 91
56 58
56 90
56 91
57 73
57 81
58 59
59 70
59 74
59 82
59 85
61 87
62 85
62 89
62 97
63 64
63 69
63 74
63 95
64 79
65 73
65 87
65 90
65 96
66 77
66 96
67 83
67 87
68 76
69 72
69 73
69 81
69 84
69 89
71 73
71 77
71 78
71 79
72 93
74 80
75 96
77 79
77 93
78 84
78 92
80 88
80 92
83 92
85 88
85 91
85 98
87 93
87 99
88 96
89 95
90 95
92 99
93 98
