100 228 0.5
0 17
0 57
0 67
0 84
1 11
1 60
1 70
2 23
2 34
2 41
2 56
2 57
2 99
3 11
3 19
3 35
3 79
3 90
4 53
4 84
5 14
5 33
5 41
5 49
5 51
5 61
5 85
5 95
6 26
6 98
7 27
7 30
7 83
8 35
8 49
8 58
8 64
9 57
9 74
9 98
10 41
10 70
10 84
11 21
11 39
11 72
11 82
11 85
11 99
12 16
12 55
12 85
13 48
13 76
13 79
13 80
13 84
13 93
14 28
14 41
14 70
14 75
14 77
15 22
15 44
15 73
15 75
16 20
16 39
16 51
16 87
17 39
17 70
17 80
17 91
18 61
18 82
19 22
19 23
19 61
19 63
20 24
20 31
20 51
20 65
20 70
21 24
21 54
21 87
22 25
22 36
22 58
22 62
22 64
23 51
23 98
25 48
25 52
25 85
26 52
26 64
26 73
27 36
27 67
27 82
27 84
28 35
28 79
28 91
29 35
29 49
29 51
29 72
30 46
30 75
30 85
30 88
31 37
32 47
32 50
32 77
33 35
33 48
33 59
33 65
33 96
34 36
34 68
34 80
36 38
36 48
36 85
36 93
36 95
37 52
38 47
38 52
38 74
38 90
38 92
39 42
39 47
39 65
39 70
40 88
41 55
41 56
41 73
42 51
42 63
43 51
43 54
43 62
43 71
44 63
44 81
45 49
45 85
46 53
46 55
46 64
46 98
47 53
48 77
48 83
48 99
49 98
50 67
50 68
50 77
51 66
52 70
52 71
52 86
52 89
53 55
53 78
54 59
54 69
54 88
55 67
55 97
56 59
56 73
56 81
56 82
57 70
57 72
58 95
59 61
59 92
60 78
61 84
61 99
63 78
63 95
64 66
65 73
65 85
65 86
65 94
65 98
66 86
67 78
67 81
68 78
68 80
68 94
69 91
69 94
70 85
71 79
71 97
72 89
74 75
76 84
76 93
77 94
78 83
79 85
79 91
80 87
80 94
80 95
81 84
88 92
90 93
91 95
