100 331 0.5
0 1
0 8
0 36
0 61
0 72
0 78
0 82
1 16
1 40
1 56
1 58
1 61
1 62
1 63
1 77
1 89
2 12
2 57
2 64
2 65
2 68
2 72
2 84
3 10
3 30
3 35
3 53
3 54
3 59
3 60
3 73
3 81
3 96
4 12
4 36
4 49
4 58
4 59
5 6
5 8
5 15
5 21
5 25
5 44
5 68
5 80
6 31
6 33
6 38
6 78
7 19
7 84
8 10
8 26
8 29
8 53
8 68
8 77
9 45
9 74
9 79
9 80
9 81
10 15
10 17
10 31
10 40
10 69
10 70
10 91
11 15
11 17
11 26
11 59
12 18
12 21
12 27
12 30
12 34
12 40
12 60
12 61
13 28
13 35
13 53
13 73
13 75
13 85
14 26
14 34
14 48
14 83
14 86
15 31
15 53
15 65
15 77
15 79
16 18
16 27
16 61
16 77
16 86
16 91
17 37
17 38
17 39
17 43
17 47
17 83
17 97
18 24
18 47
18 72
18 83
18 86
18 87
18 92
19 33
19 35
19 40
19 45
19 50
19 61
19 79
19 86
20 45
20 60
20 71
20 94
21 94
21 95
22 34
22 41
22 51
22 60
22 90
22 94
23 24
23 55
23 58
23 67
23 71
23 88
24 27
24 31
24 32
24 68
24 90
25 27
25 63
26 27
26 58
26 60
26 73
26 83
26 91
26 96
27 49
27 75
27 85
28 29
28 52
28 59
28 66
28 68
28 74
28 91
28 93
29 52
29 85
29 98
30 33
30 59
31 39
31 40
31 58
31 77
31 83
31 86
31 93
32 51
32 54
32 63
32 66
32 69
32 80
33 35
33 42
33 61
33 79
33 97
34 42
34 48
34 64
34 79
34 94
34 95
34 96
34 99
35 59
35 62
35 65
35 78
35 99
36 44
36 52
36 64
36 68
36 77
36 90
37 57
37 60
37 70
37 84
38 51
38 89
38 94
39 50
39 59
39 62
39 69
39 71
39 78
39 85
40 79
40 90
41 70
41 72
42 45
42 47
42 56
42 64
42 67
42 69
43 44
43 60
43 66
43 69
43 73
43 78
43 79
43 93
44 68
44 69
44 70
44 74
45 47
45 76
45 93
45 95
46 66
46 80
47 63
47 68
47 78
48 60
48 77
48 87
50 89
50 97
51 81
51 90
52 57
52 85
53 95
54 89
55 76
55 89
56 97
56 99
58 71
58 94
58 98
59 75
59 81
59 96
59 98
60 74
61 68
62 68
62 72
63 79
63 86
63 87
63 96
64 68
64 69
64 81
64 87
65 69
65 73
65 77
65 86
66 75
66 92
66 99
67 93
68 70
68 75
69 88
69 92
70 85
70 95
70 96
71 80
71 85
72 84
72 96
73 89
73 95
74 79
74 80
75 77
76 82
78 97
79 91
80 81
80 89
80 98
82 85
82 94
82 95
85 97
86 89
87 99
88 93
88 98
89 96
92 94
93 95
