200 1200 0.5
0 7
0 13
0 16
0 78
0 96
0 113
0 121
0 137
0 177
0 186
0 187
1 26
1 30
1 46
1 86
1 138
1 141
1 147
1 159
1 177
2 35
2 52
2 65
2 103
2 140
2 153
2 155
2 169
2 176
3 4
3 21
3 32
3 54
3 67
3 153
3 162
3 182
3 186
4 16
4 37
4 38
4 60
4 64
4 136
4 153
4 175
4 182
4 184
4 188
4 190
5 21
5 31
5 37
5 45
5 78
5 91
5 98
5 135
5 149
5 164
5 189
5 193
5 199
6 23
6 24
6 42
6 86
6 97
6 111
6 129
6 195
7 10
7 34
7 51
7 61
7 68
7 70
7 74
7 79
7 86
7 91
7 110
7 113
7 136
7 139
7 153
7 158
7 178
7 199
8 19
8 49
8 63
8 65
8 86
8 139
8 141
8 155
8 182
8 187
9 11
9 14
9 25
9 49
9 51
9 69
9 82
9 88
9 114
9 115
9 135
9 154
9 166
9 167
9 186
9 197
10 18
10 22
10 35
10 43
10 57
10 79
10 126
10 143
11 25
11 32
11 51
11 65
11 75
11 81
11 86
11 88
11 94
11 104
11 112
11 124
11 134
11 152
11 168
11 185
11 188
11 191
11 192
11 199
12 20
12 24
12 74
12 90
12 105
12 117
12 127
12 139
12 184
13 16
13 18
13 20
13 70
13 83
13 110
13 149
13 184
13 194
13 199
14 87
14 147
14 153
14 163
14 168
14 172
15 28
15 29
15 54
15 87
15 111
15 123
15 126
15 174
15 176
15 177
16 18
16 21
16 39
16 48
16 55
16 71
16 84
16 93
16 108
16 130
16 152
16 168
16 169
17 25
17 34
17 42
17 44
17 52
17 77
17 83
17 120
17 122
17 126
17 135
17 136
17 154
17 160
17 196
18 35
18 68
18 81
18 90
18 91
18 111
18 113
18 122
18 124
18 132
18 141
18 153
19 25
19 33
19 48
19 58
19 66
19 104
19 113
19 138
19 143
19 150
19 157
19 158
19 198
20 39
20 45
20 48
20 61
20 73
20 74
20 78
20 93
20 117
20 135
20 141
20 159
20 173
20 174
20 177
20 183
21 25
21 38
21 52
21 53
21 90
21 120
21 122
21 160
21 187
21 195
22 30
22 49
22 54
22 79
22 83
22 102
22 126
22 129
22 158
22 169
22 192
22 199
23 24
23 25
23 29
23 31
23 49
23 61
23 88
23 138
23 148
23 152
23 161
23 188
23 196
24 36
24 66
24 91
24 112
24 170
24 180
24 184
25 31
25 42
25 49
25 50
25 53
25 92
25 105
25 122
26 45
26 77
26 93
26 94
26 133
26 144
26 174
26 197
27 47
27 54
27 71
27 79
27 90
27 127
27 134
27 141
27 156
27 173
27 188
27 194
27 195
28 29
28 34
28 49
28 63
28 89
28 94
28 130
28 144
28 152
28 168
29 50
29 102
29 128
29 139
29 156
29 168
30 33
30 40
30 43
30 45
30 48
30 56
30 62
30 77
30 86
30 89
30 112
30 129
30 142
30 158
30 173
30 184
30 186
30 188
30 194
31 58
31 71
31 80
31 115
31 120
31 133
31 169
31 182
31 193
32 35
32 43
32 49
32 61
32 75
32 85
32 134
32 177
32 183
32 193
33 48
33 108
33 114
33 136
34 71
34 79
34 83
34 91
34 97
34 130
34 131
34 144
34 151
34 163
35 49
35 55
35 82
35 104
35 110
35 115
35 126
35 170
35 172
36 38
36 40
36 42
36 69
36 80
36 97
36 107
36 108
36 119
36 125
36 128
36 145
36 161
36 184
36 185
36 196
36 197
37 40
37 42
37 54
37 56
37 57
37 100
37 122
37 129
37 140
37 142
37 168
37 175
38 63
38 68
38 69
38 114
38 125
38 145
38 146
38 154
38 155
38 169
38 179
38 181
38 184
39 50
39 56
39 103
39 160
39 162
39 170
40 44
40 59
40 89
40 112
40 127
40 141
40 145
40 153
40 177
40 179
40 198
41 54
41 65
41 68
41 82
41 118
41 136
41 146
41 151
41 155
41 190
42 55
42 78
42 89
42 98
42 109
42 133
42 173
42 181
42 194
43 50
43 70
43 73
43 102
43 111
43 146
43 169
43 182
44 69
44 110
44 136
44 148
44 150
44 162
44 166
45 58
45 64
45 94
45 109
45 138
45 175
45 191
45 193
46 63
46 91
46 103
46 110
46 170
46 172
47 53
47 85
47 89
47 99
47 109
47 114
47 117
47 128
47 148
47 154
47 156
47 159
47 163
47 191
48 58
48 98
48 111
48 130
48 136
48 167
49 53
49 62
49 88
49 91
49 92
49 158
49 177
49 182
49 185
49 198
50 69
50 116
50 132
50 134
50 139
50 147
50 169
50 185
50 190
51 64
51 79
51 84
51 87
51 94
51 120
51 151
52 78
52 108
52 110
52 112
52 116
52 117
52 156
52 160
53 69
53 81
53 92
53 94
53 157
53 159
53 194
54 59
54 87
54 92
54 98
54 108
54 120
54 126
54 155
55 69
55 84
55 96
55 98
55 144
55 153
55 157
55 158
55 189
55 199
56 66
56 72
56 95
56 130
56 134
56 140
56 157
56 158
57 67
57 80
57 98
57 112
57 117
57 118
57 121
57 126
57 156
58 74
58 89
58 130
58 147
58 158
59 89
59 93
59 115
59 147
59 169
60 62
60 78
60 97
60 98
60 117
60 137
60 152
60 157
60 180
61 62
61 99
61 143
61 151
61 152
61 153
61 155
61 158
61 172
61 174
61 178
61 179
61 187
62 100
62 167
62 168
62 180
62 191
63 76
63 82
63 109
63 125
63 128
63 135
64 81
64 83
64 88
64 99
64 124
64 125
64 182
64 187
64 188
64 195
65 71
65 92
65 124
65 164
65 170
65 173
65 188
66 77
66 83
66 85
66 108
66 131
66 147
66 171
66 180
67 114
67 122
67 198
68 79
68 83
68 105
68 120
69 80
69 89
69 93
69 118
69 147
69 150
69 173
69 190
70 76
70 108
70 149
70 150
70 152
70 167
70 171
70 172
70 182
71 92
71 136
71 142
71 144
72 92
72 104
72 109
72 112
72 116
72 134
72 165
72 191
73 112
73 113
73 129
73 148
73 164
73 168
73 182
74 81
74 100
74 101
74 112
74 114
74 125
74 136
74 182
75 82
75 90
75 134
75 137
75 139
75 145
75 155
75 156
75 157
76 87
76 114
76 130
76 136
76 143
76 154
77 79
77 82
77 87
77 109
77 112
77 114
77 132
77 176
77 184
78 94
78 108
78 137
78 151
78 155
79 82
79 99
79 119
79 142
79 147
79 148
79 179
79 192
80 101
80 104
80 136
80 142
80 145
80 164
80 176
80 177
81 84
81 97
81 104
81 149
81 152
81 154
81 186
82 90
82 118
82 145
82 147
82 158
82 162
82 168
82 177
82 182
82 183
82 193
83 87
83 97
83 100
83 116
83 132
83 144
83 159
83 163
83 166
83 169
83 178
84 153
84 172
84 185
85 99
85 103
85 123
85 133
85 150
85 170
85 194
86 87
86 110
86 113
86 122
86 146
86 148
86 167
86 196
87 104
87 118
87 130
87 143
87 145
87 162
87 164
87 166
88 95
88 99
88 122
88 145
88 159
88 189
88 191
88 192
89 92
89 94
89 120
89 122
89 125
89 138
89 169
89 199
90 95
90 101
90 138
90 162
90 171
90 186
90 191
90 194
91 123
91 150
91 152
91 167
91 192
91 199
92 105
92 110
92 129
92 139
92 190
92 196
93 118
93 128
93 135
93 164
93 191
93 194
94 182
94 196
95 133
95 135
95 139
95 186
96 100
96 132
96 169
96 183
97 155
97 159
97 175
97 193
98 124
98 151
99 104
99 115
99 117
99 146
99 154
100 119
100 127
100 133
100 137
100 140
100 142
100 147
100 148
100 157
100 164
100 177
100 180
101 105
101 129
101 139
101 148
101 160
101 172
101 186
102 108
102 113
102 121
102 130
102 161
102 167
102 174
102 183
102 190
103 147
103 161
103 165
103 175
103 177
103 194
104 132
104 140
104 152
104 153
104 165
104 191
104 194
105 119
105 121
105 138
105 147
105 148
105 156
105 184
105 197
106 117
106 118
106 141
106 144
106 148
106 171
106 180
106 193
107 153
107 155
107 162
107 170
107 172
108 114
108 131
108 155
108 182
109 121
109 139
109 149
109 167
109 188
109 191
110 111
110 118
110 152
110 154
110 158
110 168
110 172
111 160
111 162
111 167
111 178
112 117
112 125
112 136
112 139
112 150
112 153
112 178
113 114
113 118
113 120
113 122
113 130
113 141
113 156
113 164
113 174
113 196
114 118
114 147
114 176
115 119
115 146
115 154
115 169
115 192
116 145
116 147
116 178
117 145
117 159
117 161
117 198
118 120
118 124
118 138
118 150
119 126
119 136
119 145
119 161
119 175
119 189
120 135
120 139
120 148
120 155
120 177
120 178
120 190
120 195
120 199
121 132
121 157
121 171
122 127
122 130
122 139
123 140
123 178
124 147
124 161
124 166
124 179
125 126
125 130
125 131
125 137
125 141
125 154
125 170
125 190
126 129
126 131
126 132
126 147
126 154
126 165
126 170
126 188
126 194
127 133
127 137
127 168
127 170
127 181
127 184
128 181
128 188
128 192
129 140
129 154
129 160
129 175
129 183
129 185
130 138
130 141
131 153
131 176
132 133
132 172
132 195
132 197
133 139
133 140
133 160
133 169
133 173
133 174
133 182
133 199
134 148
134 161
134 172
134 187
135 146
135 149
135 158
135 159
135 170
135 190
136 184
136 197
137 150
138 169
138 178
138 185
139 179
139 188
139 198
140 144
140 167
140 177
140 190
141 153
141 177
142 149
142 165
142 179
143 162
143 189
144 179
144 188
145 171
146 150
146 164
146 165
147 173
147 190
147 191
147 198
148 152
148 154
148 178
148 182
148 185
148 199
149 151
149 178
149 187
150 154
150 162
150 197
151 163
151 180
151 194
151 197
151 199
152 160
152 163
152 166
152 183
152 184
152 196
152 197
152 198
153 155
153 175
153 196
155 193
156 181
157 170
157 172
157 190
157 192
158 170
158 194
159 164
159 170
159 180
159 189
160 171
161 165
161 169
161 183
162 170
162 185
162 189
163 167
163 177
163 180
163 188
164 190
164 197
165 168
165 191
166 195
167 168
167 186
168 170
168 197
169 185
169 187
169 198
170 178
170 182
170 192
171 179
171 180
171 181
171 199
173 178
173 180
173 186
173 197
174 180
176 177
176 190
178 190
179 181
180 181
182 198
185 193
185 195
186 198
187 196
190 198
