100 332 0.2
0 2
0 24
0 45
0 53
0 66
0 77
1 4
1 12
1 77
1 82
2 3
2 22
2 31
2 33
2 34
2 62
2 65
2 78
2 92
3 6
3 10
3 13
3 34
3 38
3 44
3 64
3 87
3 91
4 12
4 14
4 29
4 52
4 75
5 7
5 26
5 35
5 37
5 39
5 51
5 59
5 70
5 76
5 95
6 19
6 38
6 46
6 70
6 99
7 41
7 63
7 87
7 92
8 47
8 49
8 52
8 86
8 95
9 20
9 22
9 23
9 38
10 13
10 42
10 67
10 69
10 70
10 83
11 27
11 34
11 45
11 46
11 53
11 65
12 20
12 30
12 32
12 61
12 80
13 20
13 43
13 50
13 56
13 78
13 87
13 88
14 20
14 28
14 61
14 70
14 86
14 90
14 91
14 95
15 56
15 59
15 61
15 82
16 23
16 24
16 30
16 31
16 44
16 57
16 58
16 90
16 99
17 22
17 37
17 40
17 53
17 66
17 68
17 90
18 34
18 40
18 41
18 57
18 65
18 68
18 71
18 75
19 22
19 24
19 39
19 42
19 48
19 79
19 83
20 51
20 57
20 93
21 26
21 58
21 60
21 95
22 44
22 59
22 73
22 81
22 96
23 25
23 75
24 53
24 57
24 75
24 77
24 78
24 79
24 83
24 89
25 46
25 47
25 50
25 62
25 66
25 71
25 75
25 77
25 82
25 92
26 51
26 62
26 98
27 34
27 58
27 61
27 89
28 47
28 60
28 78
29 51
29 63
29 66
29 72
29 91
29 97
30 42
30 61
30 68
30 75
31 38
31 53
31 75
31 76
31 81
31 85
32 53
33 38
33 39
33 62
33 67
33 90
34 48
34 52
34 58
34 68
34 81
35 43
36 41
36 44
36 52
36 58
36 59
36 79
36 82
36 87
37 55
37 59
37 60
37 81
37 92
38 44
38 47
38 52
38 71
38 74
38 80
38 83
39 42
40 56
40 63
40 64
40 86
40 89
40 99
41 44
41 52
41 59
41 83
42 65
42 67
42 97
43 62
43 91
44 68
44 79
44 89
45 65
45 85
45 87
45 92
45 96
46 47
47 53
47 59
47 63
47 64
47 91
48 52
48 54
48 69
48 75
48 80
48 91
49 82
50 53
50 54
50 72
50 86
51 57
51 65
51 67
51 97
52 56
52 67
52 69
52 83
52 95
53 56
53 68
53 74
53 95
54 73
54 80
55 56
55 71
55 90
56 59
56 76
56 87
57 74
58 68
58 76
59 61
59 70
59 77
59 92
59 96
60 98
61 96
62 63
62 77
62 86
62 90
62 93
62 99
63 66
63 77
63 91
63 92
64 88
64 92
65 80
66 82
67 70
67 76
67 89
68 85
70 82
71 73
71 77
71 88
71 91
71 97
72 93
72 97
76 80
76 83
77 81
78 79
80 95
82 94
82 97
82 99
84 86
84 91
87 97
88 91
89 90
89 98
90 92
91 97
