200 994 0.2
0 50
0 67
0 94
0 100
0 122
0 131
0 168
1 14
1 23
1 43
1 79
1 83
1 88
1 116
1 126
2 28
2 48
2 55
2 101
2 112
2 149
2 195
3 5
3 45
3 52
3 55
3 74
3 100
3 137
3 197
4 18
4 25
4 31
4 42
4 43
4 66
4 80
4 85
4 90
4 141
4 150
4 165
5 25
5 29
5 85
5 102
5 107
5 113
5 123
5 139
5 141
5 174
6 9
6 18
6 55
6 63
6 69
6 91
6 93
6 96
6 123
6 147
6 176
6 177
7 32
7 47
7 125
7 144
7 148
7 171
7 183
8 11
8 33
8 59
8 61
8 133
8 156
8 190
9 12
9 23
9 25
9 32
9 43
9 53
9 56
9 71
9 87
9 109
9 116
9 125
9 126
9 144
10 14
10 34
10 140
10 181
10 184
10 187
11 104
11 117
11 118
11 149
11 177
11 181
11 195
12 21
12 45
12 56
12 91
12 97
12 107
12 114
12 127
12 164
12 167
12 191
12 196
13 39
13 47
13 70
13 71
13 125
13 161
13 179
13 182
13 198
14 16
14 35
14 74
14 89
14 120
14 143
14 153
15 21
15 25
15 46
15 59
15 67
15 96
15 111
15 117
15 143
15 165
15 174
15 178
15 191
16 50
16 62
16 73
16 78
16 108
16 113
16 187
17 22
17 47
17 48
17 51
17 54
17 56
17 63
17 66
17 85
17 94
17 119
17 124
17 144
17 163
17 192
18 20
18 31
18 32
18 48
18 55
18 68
18 102
18 154
18 178
18 185
19 23
19 27
19 114
19 189
19 196
20 69
20 72
20 108
20 147
20 155
20 184
20 191
20 193
21 30
21 49
21 54
21 77
21 83
21 103
21 123
21 141
21 153
21 167
22 50
22 60
22 63
22 106
22 134
22 149
22 184
22 192
22 193
23 32
23 35
23 62
23 65
23 81
23 101
23 110
23 177
23 191
24 48
24 72
24 112
24 114
24 129
24 131
24 165
24 187
25 27
25 43
25 54
25 109
25 129
25 162
25 166
25 169
26 29
26 33
26 82
26 105
26 146
26 154
26 166
26 176
26 178
26 181
27 30
27 115
27 127
27 159
27 170
27 181
27 193
27 199
28 44
28 62
28 93
28 107
28 118
28 159
28 171
28 173
28 175
28 181
28 183
28 185
28 188
29 63
29 83
29 174
30 76
30 78
30 95
30 102
30 127
30 133
30 134
30 153
30 174
30 182
31 34
31 45
31 50
31 62
31 73
31 79
31 104
31 127
31 133
31 167
31 191
32 40
32 42
32 60
32 69
32 73
32 85
32 118
32 128
32 135
32 160
32 162
32 170
32 189
33 34
33 119
33 123
33 156
33 169
34 40
34 75
34 92
34 101
34 103
34 118
34 147
34 156
34 167
34 181
35 69
35 70
35 71
35 79
35 89
35 110
35 116
35 121
35 124
35 144
35 145
35 165
35 166
35 183
36 51
36 87
36 146
36 147
36 148
36 149
36 153
36 176
36 182
37 47
37 49
37 51
37 114
38 82
38 92
38 119
38 129
38 141
38 151
38 154
38 157
38 181
39 67
39 72
39 98
39 106
39 128
39 139
39 178
40 54
40 74
40 78
40 82
40 128
40 169
40 187
41 43
41 54
41 85
41 104
41 137
41 139
41 177
41 190
42 49
42 64
42 86
42 89
42 104
42 124
42 129
42 130
42 138
42 153
42 171
42 173
42 185
43 51
43 57
43 72
43 87
43 97
43 113
43 157
43 171
43 176
44 105
44 112
44 125
44 132
44 137
44 169
44 170
44 172
44 175
45 47
45 68
45 106
45 114
45 126
45 133
45 147
45 158
45 194
45 196
46 144
46 160
46 169
46 187
47 52
47 58
47 80
47 83
47 87
47 98
47 104
47 147
47 154
47 172
47 193
47 194
48 49
48 54
48 78
48 79
48 80
48 89
48 110
48 125
48 126
48 148
48 186
49 99
49 101
49 161
49 172
49 185
49 188
50 53
50 56
50 62
50 148
50 183
51 62
51 84
51 170
52 55
52 61
52 67
52 82
52 83
52 105
52 115
52 185
52 189
53 94
53 119
53 137
53 155
53 189
53 191
54 61
54 65
54 73
54 148
54 161
54 168
54 173
54 185
55 56
55 112
55 135
55 137
55 141
55 154
55 157
55 164
55 171
56 78
56 81
56 89
56 94
56 95
56 119
56 125
56 150
56 151
56 179
56 188
57 98
57 128
57 138
57 156
57 158
57 159
57 164
57 192
58 59
58 73
58 86
58 127
58 128
58 169
58 173
58 178
59 87
59 95
59 111
59 120
59 124
59 129
59 144
59 163
60 64
60 81
60 84
60 134
60 173
60 174
60 189
61 72
61 151
61 168
61 187
62 89
62 119
62 131
62 165
62 171
62 175
63 84
63 90
63 112
63 115
63 129
63 159
63 160
63 181
63 182
63 196
64 65
64 87
64 90
64 101
64 111
64 135
64 153
64 162
64 176
64 194
65 98
65 99
65 144
65 172
65 187
66 85
66 112
66 152
66 154
66 175
66 186
67 68
67 72
67 113
67 149
67 187
67 188
68 80
68 102
68 136
68 140
68 156
68 197
69 76
69 85
69 128
69 135
69 147
69 161
69 174
69 194
70 106
70 110
70 113
70 152
70 185
71 98
71 104
71 190
72 82
72 89
72 108
72 149
73 166
73 174
73 177
73 185
73 189
74 79
74 90
74 96
74 100
74 119
74 126
75 87
75 91
75 96
75 104
75 142
75 177
76 93
76 109
76 110
76 197
77 89
77 144
77 145
77 172
77 178
77 196
78 164
78 170
78 179
79 91
79 112
79 161
79 195
80 100
80 103
80 106
80 108
80 115
80 123
80 157
80 164
80 167
80 168
80 195
80 199
81 114
81 159
81 178
81 181
82 84
82 97
82 190
83 96
83 112
83 161
83 197
84 94
84 95
84 110
84 113
84 126
84 135
84 155
84 168
84 171
84 179
85 111
85 116
85 131
85 137
85 141
85 168
86 93
86 100
86 104
86 138
86 148
86 192
87 98
87 110
87 115
87 121
87 198
88 89
88 92
88 105
88 108
88 180
89 140
89 143
89 184
89 190
90 111
90 129
90 132
90 145
91 92
91 122
91 133
91 144
91 148
91 179
91 189
92 112
92 116
92 123
92 131
92 149
92 151
92 162
92 169
92 173
93 144
93 150
93 159
93 170
94 157
94 171
94 195
95 106
95 121
95 159
95 197
96 108
96 148
96 163
96 166
96 168
97 100
97 101
97 110
97 156
97 179
97 193
98 111
98 132
98 149
98 173
98 177
99 116
99 128
100 126
100 134
100 144
100 175
100 188
101 143
101 168
101 181
102 115
102 165
102 187
104 121
104 138
104 141
104 142
104 149
104 156
104 163
104 166
104 182
105 116
105 117
105 120
105 122
105 123
105 141
106 119
106 122
106 123
106 185
106 196
107 118
107 127
107 154
108 138
108 147
108 170
108 187
109 117
109 120
109 129
109 157
109 161
109 194
110 128
110 143
111 119
111 148
111 187
111 188
111 196
112 115
112 131
112 162
112 186
112 191
112 193
112 195
113 140
113 196
114 147
114 148
114 157
114 193
115 118
115 119
115 126
115 136
115 169
115 180
115 184
115 195
116 130
116 133
116 141
116 155
116 172
116 179
116 195
117 138
117 191
117 193
117 195
118 143
118 156
118 171
118 176
118 179
118 192
119 132
119 140
119 144
119 147
119 164
119 184
120 121
120 156
120 168
120 171
120 186
121 150
121 153
121 160
122 141
122 180
122 197
122 199
123 125
123 183
124 130
124 157
124 185
125 160
125 184
126 137
126 150
126 177
127 184
127 198
128 152
128 153
129 140
129 156
129 187
130 134
130 168
130 184
132 139
132 151
132 153
132 154
132 160
132 161
132 170
133 147
133 151
133 154
133 157
133 172
133 175
133 180
133 188
134 170
134 172
134 173
134 184
135 144
135 151
135 153
135 154
135 183
136 144
136 148
136 182
136 191
136 192
136 196
137 143
137 179
138 195
138 199
139 155
139 156
139 178
139 184
139 191
140 145
141 164
141 195
142 193
143 158
143 160
143 169
143 191
144 190
145 154
145 191
146 153
146 176
146 178
146 183
147 183
148 195
149 155
149 161
149 197
150 156
150 174
152 166
152 193
153 175
153 196
154 161
154 167
154 181
154 192
155 199
156 160
156 180
156 193
156 194
157 172
157 198
158 160
158 167
158 174
158 187
159 182
160 166
160 184
160 188
160 189
161 168
163 169
163 175
163 177
165 183
165 195
166 195
166 199
168 173
168 177
169 173
169 176
169 180
170 175
172 187
173 179
173 190
174 176
174 178
174 187
174 199
175 181
176 178
179 194
180 187
180 191
181 199
182 195
185 197
186 189
187 189
189 192
190 192
194 197
195 199
