200 1406 0.2
0 3
0 27
0 30
0 35
0 52
0 75
0 94
0 109
0 125
0 129
0 130
0 140
0 144
0 174
0 175
0 184
1 16
1 43
1 50
1 68
1 72
1 75
1 84
1 85
1 97
1 120
1 124
1 131
1 132
1 149
1 152
1 153
2 4
2 8
2 20
2 29
2 57
2 58
2 64
2 93
2 110
2 140
2 147
2 162
2 164
2 168
2 169
2 173
2 183
2 193
3 5
3 55
3 57
3 72
3 86
3 88
3 90
3 104
3 132
3 139
3 156
3 157
3 161
3 165
3 184
4 28
4 31
4 82
4 85
4 87
4 119
4 120
4 122
4 143
4 155
4 156
4 157
4 172
4 173
4 178
4 180
4 187
4 194
5 35
5 57
5 71
5 111
5 139
5 164
5 196
6 72
6 73
6 77
6 88
6 132
6 133
6 145
7 10
7 33
7 87
7 91
7 92
7 98
7 108
7 120
7 126
7 184
8 12
8 13
8 37
8 58
8 62
8 89
8 107
8 113
8 117
8 123
8 139
8 145
8 165
8 167
8 170
8 187
8 188
9 13
9 14
9 26
9 42
9 45
9 83
9 84
9 100
9 113
9 149
9 152
9 155
9 158
9 171
9 181
9 189
10 14
10 31
10 40
10 50
10 56
10 58
10 74
10 75
10 101
10 135
10 159
10 160
10 161
10 186
10 191
10 192
11 19
11 22
11 67
11 74
11 87
11 93
11 116
11 119
11 135
11 139
11 140
11 146
11 148
11 167
11 175
11 176
12 29
12 70
12 95
12 99
12 106
12 123
12 163
12 168
12 176
12 190
13 18
13 26
13 50
13 51
13 61
13 86
13 105
13 117
13 119
13 142
13 146
13 154
13 160
13 174
14 23
14 53
14 73
14 75
14 77
14 93
14 95
14 108
14 115
14 136
14 138
14 154
14 164
14 165
14 170
14 183
14 186
15 23
15 29
15 33
15 45
15 68
15 76
15 110
15 119
15 131
15 166
15 170
15 181
15 187
15 194
16 40
16 41
16 53
16 54
16 58
16 64
16 70
16 76
16 96
16 98
16 102
16 145
16 150
16 159
16 167
16 173
16 181
17 30
17 65
17 79
17 89
17 91
17 101
17 142
17 168
17 174
17 191
17 198
17 199
18 25
18 48
18 51
18 66
18 71
18 72
18 79
18 93
18 101
18 105
18 132
18 143
18 154
18 168
18 178
18 179
18 185
18 191
18 195
19 20
19 28
19 45
19 78
19 92
19 116
19 118
19 121
19 155
19 179
19 185
19 187
20 21
20 31
20 33
20 38
20 64
20 65
20 85
20 89
20 98
20 101
20 133
20 138
21 24
21 47
21 55
21 84
21 94
21 123
21 125
21 140
21 148
21 174
21 184
21 185
22 29
22 47
22 90
22 94
22 119
22 120
22 129
22 153
22 169
22 170
22 172
22 192
22 193
23 30
23 36
23 44
23 51
23 57
23 73
23 132
23 133
23 147
23 165
23 176
23 194
24 70
24 78
24 87
24 109
24 118
24 134
24 165
24 189
24 192
25 34
25 42
25 88
25 89
25 92
25 106
25 129
25 145
25 147
25 165
25 179
25 190
25 192
26 46
26 62
26 64
26 73
26 101
26 121
26 123
26 148
26 163
26 164
26 175
27 72
27 93
27 99
27 109
27 113
27 119
27 120
27 135
27 146
27 157
27 167
28 35
28 43
28 53
28 62
28 64
28 75
28 98
28 124
28 131
28 158
28 187
28 194
29 30
29 35
29 59
29 87
29 95
29 113
29 117
29 129
29 136
29 153
29 163
30 32
30 47
30 58
30 67
30 92
30 93
30 96
30 134
30 138
30 177
31 45
31 94
31 117
31 123
31 128
31 133
32 42
32 75
32 88
32 115
32 136
32 177
32 188
33 59
33 76
33 82
33 100
33 113
33 122
33 137
33 145
33 190
34 49
34 83
34 89
34 124
34 134
34 153
34 173
34 186
34 198
35 44
35 46
35 52
35 53
35 57
35 95
35 109
35 144
35 151
35 157
35 176
35 184
35 188
36 45
36 62
36 79
36 97
36 139
36 149
36 155
36 157
36 177
36 184
37 61
37 114
37 160
37 195
37 197
38 44
38 57
38 68
38 81
38 99
38 105
38 118
38 132
38 147
38 148
38 160
38 174
38 182
39 43
39 48
39 52
39 83
39 97
39 104
39 107
39 123
39 124
39 131
39 185
39 199
40 78
40 103
40 104
40 116
40 129
40 141
40 195
41 51
41 94
41 118
41 190
42 60
42 65
42 79
42 116
42 117
42 136
42 159
42 186
43 49
43 53
43 61
43 101
43 108
43 123
43 124
43 138
43 151
43 155
43 168
43 174
43 176
43 184
43 191
44 69
44 87
44 97
44 117
44 118
44 122
44 149
44 150
44 182
44 198
45 53
45 69
45 91
45 98
45 114
45 121
45 139
45 140
45 155
45 184
45 186
45 188
45 189
46 50
46 69
46 84
46 97
46 102
46 142
46 143
46 145
46 148
46 154
46 165
46 169
46 173
46 186
47 49
47 50
47 54
47 61
47 78
47 84
47 87
47 89
47 95
47 98
47 115
47 117
47 119
47 121
47 142
47 144
47 149
47 177
48 72
48 97
48 135
48 140
48 174
48 178
48 183
48 193
48 194
49 69
49 73
49 119
49 138
49 147
50 61
50 71
50 83
50 95
50 124
50 143
50 147
50 161
50 184
51 58
51 65
51 70
51 74
51 84
51 95
51 109
51 142
51 156
51 168
51 170
51 194
51 196
52 58
52 60
52 68
52 90
52 104
52 107
52 144
52 150
52 155
52 158
52 164
52 181
52 183
52 189
52 199
53 57
53 59
53 67
53 71
53 79
53 84
53 109
53 142
53 144
54 63
54 90
54 98
54 103
54 109
54 111
54 113
54 116
54 119
54 129
54 188
55 93
55 110
55 117
55 133
55 134
55 135
55 137
55 141
55 142
55 147
55 192
55 199
56 95
56 122
56 123
56 163
56 166
56 175
56 192
57 73
57 82
57 102
57 117
57 126
57 128
57 145
57 163
57 171
57 179
57 186
58 68
58 70
58 102
58 113
58 117
58 153
58 170
58 175
58 178
58 195
58 197
59 71
59 91
59 94
59 101
59 128
59 142
59 149
60 77
60 104
60 111
60 112
60 130
60 131
60 134
60 139
60 145
60 146
60 153
60 159
60 182
61 63
61 87
61 96
61 97
61 109
61 111
61 166
61 175
62 79
62 92
62 96
62 103
62 108
62 115
62 116
62 120
62 122
62 137
62 140
62 146
62 159
62 183
62 184
63 87
63 100
63 102
63 107
63 114
63 117
63 119
63 127
63 135
63 139
63 160
63 174
63 192
63 196
63 199
64 76
64 94
64 103
64 104
64 111
64 128
64 134
64 142
64 143
64 151
64 193
64 195
65 67
65 75
65 78
65 107
65 108
65 112
65 115
65 145
65 150
65 151
65 154
65 167
65 174
66 70
66 72
66 82
66 91
66 92
66 120
66 138
66 147
66 155
66 157
66 187
67 90
67 124
67 167
67 198
68 77
68 89
68 111
68 115
68 136
68 141
68 152
68 157
68 160
68 177
68 195
68 196
68 199
69 87
69 97
69 117
69 124
69 158
69 165
69 190
70 74
70 75
70 89
70 91
70 98
70 107
70 114
70 121
70 150
70 153
70 158
70 167
70 181
71 77
71 98
71 112
71 119
71 139
71 156
71 159
71 189
71 190
72 78
72 80
72 110
72 128
72 155
72 161
72 171
72 173
72 184
73 78
73 151
73 155
73 158
73 170
73 188
74 87
74 97
74 114
74 121
74 122
74 126
74 168
74 177
74 198
75 77
75 78
75 79
75 104
75 120
75 131
76 105
76 128
76 129
76 134
76 148
76 155
76 156
76 162
76 168
76 179
77 83
77 106
77 129
77 152
77 157
77 175
77 182
77 184
77 185
77 194
78 95
78 112
78 131
78 186
78 195
79 83
79 123
79 130
79 137
79 154
79 163
79 188
80 82
80 92
80 101
80 102
80 108
80 115
80 132
80 133
80 134
80 138
80 145
80 169
80 181
80 185
80 187
81 82
81 83
81 89
81 136
81 169
82 89
82 100
82 159
82 181
83 94
83 126
84 111
84 117
84 126
84 130
84 140
84 177
84 187
84 190
85 89
85 101
85 104
85 112
85 116
85 137
85 138
85 158
85 160
85 190
85 195
86 91
86 107
86 117
86 120
86 154
86 177
87 125
87 172
87 178
87 186
87 193
87 194
87 199
88 93
88 103
88 110
88 141
88 149
88 156
88 168
89 148
90 98
90 103
90 120
90 140
90 171
90 185
90 189
90 190
91 93
91 121
91 128
91 142
91 153
91 183
91 184
91 186
92 97
92 106
92 162
92 173
92 175
92 179
92 188
93 96
93 112
93 126
93 135
93 164
93 174
93 190
94 102
94 127
94 156
94 157
94 164
95 102
95 119
95 122
95 136
95 184
96 111
96 112
96 119
96 120
96 121
96 129
96 142
96 147
96 153
96 157
96 168
96 172
96 178
96 180
96 183
97 107
97 118
97 152
97 158
97 168
97 176
97 193
98 100
98 109
98 111
98 116
98 133
98 147
98 150
98 187
99 105
99 126
99 145
99 169
99 182
99 187
100 112
100 141
100 148
100 164
101 105
101 173
101 177
101 186
102 106
102 125
102 131
102 139
102 144
102 146
102 163
102 182
102 192
102 197
103 108
103 113
103 117
103 119
103 120
103 137
103 143
103 145
103 154
103 156
103 167
103 170
103 199
104 111
104 126
104 131
104 155
104 156
104 166
104 169
104 187
104 191
104 193
105 107
105 114
105 137
105 138
105 149
105 156
105 168
105 175
106 111
106 112
106 116
106 173
107 110
107 123
107 155
107 166
107 174
107 180
107 192
108 125
108 127
108 135
108 139
108 146
108 165
108 180
108 188
109 142
109 148
109 159
109 164
109 168
109 177
109 180
109 193
110 116
110 119
110 138
110 139
110 151
110 174
110 181
111 125
111 127
111 134
111 141
111 173
111 176
111 191
111 194
112 113
112 140
112 144
112 189
113 115
113 125
113 136
113 137
113 151
113 177
113 179
113 183
113 194
114 123
114 132
114 147
114 156
114 160
114 162
114 189
114 191
115 132
115 173
115 181
115 189
115 191
115 193
116 151
116 153
116 157
116 158
116 167
116 172
116 181
116 190
117 129
117 136
117 150
117 158
117 161
117 163
117 173
117 175
117 181
117 193
118 143
118 177
118 183
118 196
118 199
119 136
119 145
119 155
119 163
119 164
119 167
119 172
120 122
120 137
120 138
120 139
120 160
120 180
120 183
121 126
121 130
121 140
121 159
121 165
121 198
122 129
122 152
122 163
122 177
122 189
122 195
123 140
123 151
123 167
123 175
123 178
123 181
123 199
124 129
124 149
124 154
124 157
124 164
124 182
124 194
125 127
125 145
125 187
125 194
126 153
126 161
126 187
126 194
127 136
127 138
127 153
127 184
127 196
128 137
129 142
129 168
129 171
129 177
129 184
129 195
130 142
130 157
130 173
130 178
130 182
130 183
131 167
132 137
132 180
133 193
134 148
134 149
134 180
134 189
134 190
134 198
135 137
135 169
135 176
135 192
135 193
136 148
136 150
136 157
136 175
136 180
136 181
137 147
138 147
138 152
138 189
138 199
139 143
139 159
139 160
139 173
139 194
140 151
140 156
140 164
140 167
140 172
140 173
140 189
141 150
141 165
141 172
142 167
143 161
143 167
143 181
143 186
143 193
144 149
144 158
144 181
145 176
145 184
146 149
146 157
146 179
146 181
146 182
146 189
147 182
147 196
147 197
148 149
148 158
148 166
148 168
148 180
148 183
148 190
149 154
149 160
149 164
149 178
149 185
150 167
150 177
150 188
151 156
151 173
152 154
152 157
152 179
152 180
153 157
154 157
154 158
154 176
154 183
154 188
155 166
155 187
155 196
156 157
156 163
156 181
156 184
156 185
157 179
157 189
158 162
158 163
158 174
158 184
158 197
158 199
159 162
159 171
160 177
161 194
161 196
161 198
162 164
163 186
164 165
164 199
166 186
166 189
166 194
167 170
167 180
168 171
168 190
169 171
169 183
169 194
170 180
170 191
170 192
170 197
171 176
171 177
172 175
172 186
172 188
172 196
172 199
173 178
175 181
175 188
175 196
175 197
175 198
176 181
177 179
177 186
178 182
180 188
180 197
181 184
181 186
181 192
181 193
181 197
182 193
186 194
187 192
188 189
196 199
