100 464 0.5
0 4
0 8
0 11
0 17
0 20
0 35
0 38
0 52
0 57
0 73
0 78
0 86
0 89
1 10
1 16
1 23
1 27
1 36
1 57
1 69
1 80
1 91
1 93
1 95
1 99
2 3
2 21
2 39
2 77
3 22
3 34
3 54
3 61
3 62
3 72
3 80
3 91
3 97
3 99
4 9
4 16
4 22
4 33
4 62
4 70
4 92
4 98
5 18
5 63
5 74
6 11
6 17
6 19
6 45
6 62
6 86
7 18
7 19
7 22
7 29
7 35
7 39
7 54
7 58
7 60
7 62
7 64
7 83
7 96
8 10
8 14
8 24
8 38
8 46
8 68
8 72
8 75
8 89
8 94
9 22
9 47
9 53
9 65
9 68
9 69
9 86
9 96
10 12
10 45
10 91
10 95
11 22
11 23
11 25
11 34
11 35
11 43
11 60
11 62
11 86
11 93
12 14
12 39
12 44
12 51
12 55
12 56
12 71
12 76
13 14
13 16
13 21
13 34
13 42
13 54
13 57
13 59
13 76
13 79
13 90
14 59
14 67
14 74
14 75
15 16
15 40
15 45
15 48
15 49
15 84
15 96
16 21
16 22
16 33
16 54
16 57
16 59
16 79
16 95
17 51
17 62
17 74
17 83
18 31
18 35
18 58
18 60
19 22
19 30
19 36
19 38
19 68
19 76
19 77
20 34
20 64
20 67
20 68
20 73
21 34
21 40
21 53
21 78
21 97
22 24
22 32
22 33
22 50
22 59
22 82
22 83
22 85
22 90
23 39
23 74
23 85
23 86
23 91
24 25
24 35
24 42
24 43
24 57
24 94
24 98
25 40
25 44
25 50
25 58
25 59
25 60
25 61
25 67
25 79
25 97
26 29
26 39
26 40
26 48
26 57
26 65
26 69
26 86
26 92
26 94
26 96
27 42
27 45
27 60
27 64
27 73
27 98
28 50
28 51
28 61
28 63
28 70
28 72
28 83
28 88
28 99
29 68
29 75
29 80
30 39
30 47
30 71
30 75
30 76
30 77
30 83
31 44
31 47
31 49
31 69
31 70
31 74
31 78
31 84
31 91
32 42
32 44
32 49
32 52
32 61
32 64
32 70
32 83
32 90
32 91
33 42
33 53
33 63
33 67
33 73
33 90
33 96
33 98
34 37
34 64
34 65
34 79
34 96
35 38
35 54
35 98
36 54
36 71
36 74
36 82
36 87
36 99
37 47
37 52
37 58
37 65
37 68
37 81
37 84
37 86
38 49
38 63
39 57
39 65
39 69
39 79
39 81
39 90
39 97
40 63
40 80
40 86
40 99
41 47
41 51
41 57
41 61
41 63
41 67
41 87
41 89
42 66
42 67
42 74
42 90
42 95
43 66
43 77
43 80
43 86
43 94
44 47
44 50
44 66
44 78
44 85
44 94
45 48
45 53
45 58
45 67
45 77
45 80
45 98
46 60
46 61
46 63
47 77
47 78
47 83
47 88
47 95
47 99
48 65
48 74
48 90
49 56
49 67
49 80
49 84
49 85
49 94
49 95
50 51
50 66
50 73
50 82
50 86
51 71
51 72
51 88
51 91
52 53
52 69
52 81
53 67
53 74
53 79
53 80
54 73
54 80
54 82
54 92
54 93
55 61
55 68
55 70
55 80
55 94
56 61
56 65
56 78
56 92
57 67
57 70
57 79
57 82
57 84
57 87
57 90
57 91
58 62
58 66
58 99
59 71
59 79
59 98
60 82
60 87
60 97
60 98
61 76
62 68
62 69
62 77
62 84
62 90
63 70
63 75
63 82
63 98
64 73
64 80
65 78
65 79
65 93
66 80
66 85
66 94
66 95
67 80
67 87
67 94
67 95
67 97
68 95
69 81
69 86
69 94
70 72
70 92
71 96
72 77
72 84
72 88
72 91
72 93
72 99
73 82
73 86
74 77
74 90
75 79
75 83
75 84
75 92
75 95
75 99
76 79
76 88
76 92
76 94
77 89
77 96
78 79
78 85
78 90
79 87
79 93
80 99
81 82
81 91
81 96
84 98
85 87
86 88
86 94
86 99
88 94
90 95
90 99
91 94
93 95
96 98
