100 416 0.5
0 9
0 18
0 23
0 28
0 36
0 41
0 48
0 49
0 55
0 56
0 63
0 67
0 90
1 10
1 26
1 27
1 82
1 84
1 94
2 24
2 47
2 71
2 80
2 84
2 93
2 98
3 20
3 25
3 27
3 34
3 55
3 65
3 66
4 20
4 26
4 34
4 68
4 80
5 12
5 14
5 21
5 30
5 44
5 52
5 64
6 11
6 22
6 27
6 34
6 48
6 49
6 59
6 89
6 90
6 96
7 13
7 14
7 17
7 43
7 44
7 51
7 54
7 67
7 79
7 80
7 85
7 90
8 17
8 19
8 20
8 24
8 33
8 44
8 68
8 77
9 25
9 31
9 34
9 43
9 51
9 60
9 91
10 25
10 27
10 28
10 30
10 54
10 92
11 15
11 22
11 25
11 28
11 45
11 64
11 73
11 74
11 86
12 30
12 39
12 86
12 89
13 23
13 48
13 79
13 84
13 93
13 98
14 21
14 43
14 45
14 62
14 82
15 43
15 53
15 72
15 79
15 83
15 91
15 98
16 35
16 37
16 75
16 87
16 89
16 93
16 95
17 41
17 56
17 63
17 67
17 72
17 82
17 91
17 96
18 23
18 39
18 51
18 53
18 75
18 77
18 80
18 94
18 99
19 85
20 37
20 55
20 65
20 67
20 70
20 95
21 44
21 45
21 54
21 64
21 69
21 80
21 91
21 97
22 24
22 26
22 34
22 58
22 78
22 80
23 32
23 33
23 40
23 41
23 48
23 56
23 58
23 66
23 67
23 71
23 73
23 94
24 30
24 31
24 32
24 35
24 44
24 63
24 92
24 97
25 36
25 37
25 49
25 51
25 64
25 98
26 28
26 29
26 44
26 71
26 79
26 81
26 85
27 28
27 37
27 39
27 54
27 62
27 71
27 80
27 83
28 50
28 63
28 85
28 91
28 96
29 42
29 50
29 62
29 70
29 98
30 56
30 72
31 79
32 53
32 60
32 63
32 68
32 73
32 75
33 42
33 52
33 66
33 72
33 78
33 87
34 37
34 41
34 44
34 47
34 54
34 64
34 94
35 40
35 43
35 59
35 62
35 68
35 90
35 92
35 98
36 51
36 72
36 74
36 80
36 81
37 57
37 81
37 82
37 83
38 53
38 79
38 80
38 96
39 47
39 59
39 72
39 84
40 54
40 62
40 68
40 76
41 45
41 58
41 72
41 76
41 80
42 51
42 57
42 59
42 68
42 72
42 77
42 86
43 86
43 89
43 92
43 99
44 45
44 58
44 81
44 88
45 46
45 54
45 86
45 88
46 65
46 81
47 70
47 83
47 98
48 52
48 64
48 68
48 74
48 83
49 55
49 66
49 75
50 63
50 76
50 92
50 97
51 52
51 54
51 68
51 72
51 74
51 78
51 79
51 84
51 91
51 95
52 64
52 66
52 99
53 70
53 87
53 94
53 96
54 60
54 64
54 67
54 68
54 70
54 78
54 79
54 81
54 83
54 84
54 92
55 70
55 76
55 86
56 58
56 76
56 94
57 63
57 69
57 78
57 85
57 99
58 60
58 71
58 74
58 99
59 74
59 75
59 76
59 85
59 89
60 65
60 66
60 75
60 98
61 62
61 63
61 68
61 95
63 91
63 97
64 90
64 94
64 98
65 73
65 76
65 92
66 88
67 80
68 92
69 73
69 86
69 88
69 89
71 74
72 83
72 91
72 97
73 88
73 89
73 98
74 78
74 79
74 82
75 79
75 81
75 89
75 95
75 99
76 78
76 82
76 85
77 87
78 87
78 96
79 87
79 88
80 83
80 86
80 89
82 94
83 88
84 96
85 95
85 97
86 88
86 96
89 94
89 98
92 98
93 97
97 98
