100 298 0.5
0 15
0 25
0 31
0 39
0 54
0 56
0 64
0 69
0 88
0 94
0 95
0 97
1 31
1 64
1 70
1 73
1 74
1 87
1 91
1 97
2 8
2 33
2 43
2 47
2 53
2 80
3 5
3 20
3 23
3 25
3 26
3 29
3 43
3 91
4 10
4 18
4 27
4 47
4 85
4 96
5 50
6 12
6 27
6 40
6 55
6 57
6 84
6 95
7 18
7 36
7 39
7 52
7 70
7 71
7 92
8 49
8 74
8 84
8 89
8 91
9 15
9 33
9 36
9 38
9 46
9 54
9 57
9 70
9 75
10 28
10 61
11 25
11 29
11 60
11 68
11 83
12 28
12 30
12 34
12 39
12 46
12 51
12 61
12 71
12 74
13 32
13 42
14 23
14 77
14 83
14 87
15 20
15 35
15 51
15 55
16 30
16 54
16 82
17 35
17 43
17 58
17 61
17 95
18 33
18 42
18 52
18 56
18 83
19 22
19 66
19 68
19 77
19 88
19 89
20 29
20 35
20 87
21 85
22 34
22 55
22 67
22 78
23 67
23 69
23 76
23 85
23 95
24 41
24 44
24 54
24 70
24 73
24 76
24 80
24 88
24 95
25 28
25 36
25 87
26 41
26 46
26 60
26 65
26 68
26 92
27 36
27 52
27 67
27 91
27 92
27 97
28 35
28 58
28 69
28 73
28 74
29 38
29 50
29 64
29 72
30 35
30 69
31 39
31 45
31 48
31 93
32 36
32 49
32 68
32 73
33 59
33 64
33 68
34 43
34 49
34 65
34 69
35 47
35 49
35 59
36 48
36 51
36 67
36 97
37 42
37 45
38 47
38 78
38 79
39 64
39 86
40 42
40 44
40 53
40 55
40 60
41 80
41 82
42 58
42 60
42 65
42 94
43 52
43 54
43 60
43 63
43 69
43 70
44 60
44 61
44 63
44 90
44 95
45 51
45 58
45 83
46 60
46 61
47 94
47 96
48 55
48 69
48 70
48 87
49 66
49 78
50 61
50 66
50 75
50 78
50 88
50 89
50 96
51 54
51 70
51 71
51 84
51 95
52 62
53 54
53 61
53 64
54 67
54 69
54 74
54 76
55 61
55 98
56 86
57 66
57 75
58 73
58 98
60 84
61 67
61 80
62 75
62 79
63 72
63 89
63 92
63 96
64 68
65 75
65 94
67 70
67 71
67 96
68 88
68 92
69 78
69 90
69 93
70 95
71 81
71 93
72 88
73 86
74 80
74 90
75 93
76 79
76 82
77 79
78 79
78 91
79 93
80 95
81 87
81 90
81 98
83 90
85 93
88 94
88 99
89 90
90 93
90 97
