200 1022 0.5
0 5
0 9
0 23
0 44
0 66
0 70
0 97
0 115
0 134
0 138
0 147
0 158
0 159
0 166
0 176
0 187
1 10
1 12
1 22
1 31
1 42
1 79
1 93
1 120
1 121
1 160
1 164
2 14
2 25
2 39
2 67
2 76
2 144
2 149
2 163
2 177
3 4
3 63
3 75
3 95
3 130
4 6
4 15
4 21
4 50
4 63
4 90
4 125
4 132
4 140
4 142
4 147
4 180
5 11
5 34
5 56
5 59
5 71
5 75
5 77
5 84
5 112
5 124
5 129
5 150
5 177
5 186
5 193
6 36
6 58
6 69
6 82
6 107
6 122
6 156
6 170
6 189
7 21
7 49
7 53
7 83
7 116
7 158
7 192
7 194
8 17
8 51
8 64
8 70
8 106
8 131
8 135
8 136
8 148
8 167
8 181
8 185
8 192
9 14
9 35
9 37
9 56
9 66
9 67
9 72
9 79
9 128
9 132
9 143
9 146
9 167
9 170
9 187
10 31
10 46
10 66
10 92
10 122
10 138
10 156
10 177
10 183
10 185
10 191
11 27
11 43
11 47
11 51
11 55
11 57
11 86
11 90
11 130
11 147
11 158
11 163
11 176
12 15
12 28
12 88
12 96
12 97
12 158
12 171
13 17
13 35
13 38
13 42
13 72
13 111
13 112
13 113
13 119
13 141
13 143
13 146
13 155
13 180
13 186
13 198
14 37
14 44
14 107
14 128
14 129
14 135
14 136
14 141
14 148
14 169
14 173
15 66
15 93
15 98
15 114
15 119
15 150
15 158
15 161
15 172
15 189
15 198
16 27
16 37
16 39
16 56
16 91
16 125
16 133
16 139
16 165
16 195
17 19
17 97
17 130
17 161
17 174
18 19
18 30
18 31
18 96
18 106
18 113
18 120
18 127
18 150
18 167
18 177
19 22
19 70
19 77
19 83
19 143
20 32
20 36
20 47
20 53
20 68
20 134
20 169
20 181
21 24
21 27
21 30
21 48
21 63
21 74
21 95
21 115
21 141
21 171
21 195
22 39
22 46
22 67
22 90
22 92
22 137
22 150
22 166
22 172
22 178
23 28
23 39
23 53
23 54
23 56
23 71
23 86
23 91
23 114
23 132
23 138
23 161
23 163
23 190
23 194
24 36
24 105
24 115
24 120
24 122
24 126
24 141
24 151
24 160
25 55
25 70
25 79
25 81
25 89
25 98
25 100
25 136
25 141
25 154
25 166
26 37
26 82
26 150
26 174
27 34
27 44
27 69
27 98
27 114
27 128
27 153
27 178
27 180
27 181
27 184
28 41
28 56
28 64
28 68
28 79
28 139
28 144
28 161
28 173
28 183
28 188
28 189
29 57
29 65
29 87
29 98
29 111
29 152
29 154
29 161
30 50
30 53
30 55
30 153
30 174
30 182
30 188
30 189
31 36
31 57
31 98
31 108
31 127
31 174
31 177
32 33
32 107
32 172
32 176
32 179
33 49
33 53
33 72
33 77
33 120
33 132
33 154
34 37
34 49
34 84
34 107
34 153
34 190
34 191
34 193
35 40
35 57
35 106
35 109
35 145
35 146
35 166
35 185
36 42
36 52
36 57
36 155
37 41
37 58
37 73
37 109
37 113
37 122
37 131
37 154
37 170
37 190
37 191
38 49
38 54
38 60
38 90
38 101
38 135
38 142
38 169
38 172
39 66
39 115
39 123
39 124
39 157
39 191
40 44
40 48
40 71
40 95
40 145
40 167
40 173
40 183
41 56
41 61
41 103
41 113
41 121
41 139
41 140
41 181
41 186
42 43
42 82
42 119
42 123
42 132
42 159
42 187
42 192
43 44
43 56
43 68
43 108
43 129
43 130
43 134
43 136
43 172
43 179
43 181
44 93
44 97
44 126
44 159
44 175
44 177
44 181
45 55
45 56
45 69
45 107
45 115
45 140
45 141
45 161
45 184
46 54
46 70
46 73
46 107
46 120
46 130
46 133
46 141
46 171
46 189
46 192
47 52
47 61
47 123
47 148
47 152
47 153
47 154
47 159
48 50
48 52
48 60
48 65
48 138
48 147
48 190
49 63
49 80
49 84
49 98
49 119
49 120
49 130
49 133
49 136
49 145
49 148
49 150
49 174
49 193
50 97
50 112
50 162
50 164
50 175
50 194
51 79
51 86
51 123
51 132
51 139
51 166
51 167
51 182
51 196
52 58
52 188
53 56
53 72
53 103
53 120
53 143
53 153
54 80
54 104
54 160
54 164
54 165
54 190
55 60
55 100
55 144
55 145
55 164
56 58
56 83
56 86
56 125
56 155
56 190
56 193
56 196
57 72
57 78
57 133
57 154
57 177
58 69
58 137
58 148
58 159
58 162
58 180
58 186
59 63
59 67
59 87
59 127
59 151
59 185
60 65
60 91
60 105
60 170
60 173
60 190
61 63
61 94
61 97
61 101
61 116
61 117
61 137
61 150
61 187
62 64
62 89
62 93
62 96
62 108
62 162
62 187
63 89
63 116
63 117
63 139
63 151
63 167
63 180
64 74
64 97
64 102
65 116
65 118
65 129
65 138
65 154
66 77
66 87
66 107
66 116
66 137
66 147
66 148
67 134
67 136
67 167
67 180
68 84
68 116
68 161
68 186
69 75
69 76
69 100
69 110
69 112
69 142
69 153
69 158
70 105
70 124
70 134
71 97
71 108
71 110
71 120
71 124
71 125
71 139
71 151
71 152
71 159
71 164
72 75
72 77
72 81
72 97
72 103
72 152
73 90
73 116
73 163
73 181
74 114
74 128
74 133
74 158
74 160
75 87
75 89
75 96
75 108
75 157
75 158
75 172
76 87
76 97
76 123
76 133
76 136
76 145
76 154
76 164
76 173
76 176
76 182
76 192
77 131
77 136
77 139
77 166
77 181
77 183
78 91
78 96
78 97
78 115
78 145
78 153
79 114
79 117
79 150
79 189
80 82
80 114
80 118
80 139
80 165
80 170
81 140
81 162
81 187
82 129
82 150
82 174
82 184
83 158
84 109
84 120
84 124
84 159
84 164
85 89
85 103
85 134
85 140
85 148
85 149
85 163
85 175
85 182
85 186
86 93
86 95
86 109
86 110
86 115
86 119
86 123
86 142
86 144
86 155
86 169
87 102
87 107
87 135
87 152
87 156
87 178
87 180
87 183
87 187
88 93
88 95
88 131
88 142
88 152
89 104
89 132
89 168
90 112
90 144
90 149
90 150
90 152
90 160
90 179
91 124
91 136
91 147
91 182
91 196
92 128
92 169
93 157
94 133
94 145
94 155
95 115
95 134
95 138
95 152
95 167
95 172
95 175
95 177
95 181
96 141
96 157
96 161
96 163
96 193
97 119
97 173
98 101
98 112
98 139
98 167
98 190
98 193
99 128
99 159
99 169
99 173
99 178
99 193
100 181
100 188
100 191
100 196
101 116
101 144
101 154
101 171
102 132
102 134
102 137
102 180
103 115
103 167
103 180
103 186
104 107
104 111
104 134
104 147
104 153
105 117
105 144
105 149
105 161
105 177
106 109
106 140
106 141
106 142
106 148
107 170
107 195
107 197
108 126
108 145
108 179
108 190
109 132
109 136
109 171
109 191
110 161
110 168
110 174
110 190
111 116
111 127
111 140
111 147
111 158
111 176
111 180
112 140
112 149
112 171
112 186
113 127
113 141
113 180
113 190
114 126
114 132
114 145
114 151
114 161
114 183
115 123
115 124
115 149
115 153
115 158
115 192
115 194
115 198
116 123
117 131
117 145
117 150
117 154
117 170
117 180
117 187
118 173
118 175
118 181
118 190
119 141
119 155
119 156
119 179
119 199
120 123
120 159
120 181
120 196
121 128
121 134
121 192
121 198
122 133
122 146
122 163
122 167
122 169
122 194
123 139
123 160
124 125
124 145
124 146
124 150
124 156
124 159
125 168
126 141
126 148
126 165
126 179
126 187
126 197
127 141
127 156
127 182
127 186
127 192
128 174
128 196
129 157
129 176
129 197
130 143
130 190
131 156
131 162
132 139
132 143
132 177
133 154
134 156
134 190
134 196
135 144
135 151
136 165
136 178
136 185
137 151
137 157
137 197
138 139
138 144
138 147
138 172
138 175
138 192
139 140
139 143
139 146
139 173
140 162
140 165
140 171
140 172
140 176
140 179
141 142
141 153
141 170
142 169
142 174
142 180
143 149
143 153
143 170
143 187
144 157
144 171
144 186
145 147
145 155
145 182
146 153
147 170
147 178
148 158
148 171
149 151
149 157
149 165
150 178
150 180
150 188
150 193
151 158
151 193
152 174
153 162
153 163
153 179
154 159
154 163
154 175
154 179
154 182
155 191
156 168
156 180
156 188
157 166
157 187
157 188
157 198
158 170
158 182
158 196
160 161
160 187
160 192
160 195
161 165
161 167
161 196
161 197
162 173
162 187
163 172
163 193
163 196
164 172
164 179
164 192
164 199
165 172
165 185
166 168
166 191
168 182
168 186
168 187
170 190
171 173
171 192
171 199
173 199
174 177
175 190
175 194
176 182
176 190
178 198
179 193
180 194
181 185
182 199
184 189
188 192
189 191
