100 244 0.8
0 1
0 17
0 18
0 28
0 30
0 72
0 76
1 37
1 38
1 48
1 57
1 62
1 73
1 76
1 83
2 42
2 63
2 83
2 85
3 20
3 22
3 40
3 75
4 5
4 23
4 97
5 28
5 29
5 44
5 45
5 53
5 55
5 56
5 57
5 63
5 75
5 76
6 43
6 56
6 78
7 22
7 47
7 48
7 59
7 65
7 66
7 74
7 75
7 76
8 33
8 37
8 42
8 43
8 51
9 46
9 64
10 13
10 22
10 35
10 62
10 73
11 22
11 71
11 95
11 96
12 17
12 23
12 38
12 82
13 96
14 52
14 70
14 84
15 84
15 88
15 96
16 53
16 54
16 76
17 35
17 53
17 60
17 72
17 84
18 42
18 55
18 97
19 39
19 72
20 43
20 48
20 72
20 90
21 23
21 40
21 51
21 88
22 25
22 31
22 37
22 48
22 49
22 67
22 72
23 41
23 49
23 50
23 56
23 92
24 40
24 46
24 67
24 76
24 85
25 28
25 42
25 60
25 69
25 72
26 44
26 60
26 64
27 37
27 53
27 71
28 39
28 59
28 87
28 97
29 32
29 38
29 42
29 54
29 72
29 77
30 53
30 71
30 83
31 32
31 33
31 57
31 59
31 92
32 39
32 40
32 50
32 54
32 60
32 65
32 81
32 91
33 43
33 48
33 63
33 74
33 81
33 89
34 77
34 87
35 86
36 56
36 73
36 79
37 38
37 39
37 88
37 91
37 96
38 82
39 82
39 83
40 75
40 96
41 60
42 65
43 58
43 82
43 90
44 53
44 62
45 65
45 70
45 94
46 59
46 99
47 95
47 96
48 88
49 53
49 68
50 54
51 76
52 58
52 65
53 76
53 80
53 82
54 92
54 95
55 69
57 63
57 78
57 80
57 98
58 61
58 65
58 93
59 64
59 72
59 89
59 96
60 64
60 87
60 89
61 66
61 90
62 66
62 77
62 84
63 90
65 88
65 92
66 67
66 85
66 99
67 82
70 71
70 98
72 74
74 94
76 97
77 89
77 96
78 86
81 98
82 99
83 93
84 86
84 89
85 89
87 92
89 91
90 94
92 95
