100 408 0.8
0 3
0 26
0 38
0 40
0 58
0 69
0 91
0 97
1 3
1 11
1 19
1 23
1 48
1 79
1 81
1 93
2 7
2 11
2 19
2 26
2 45
3 25
3 38
3 97
4 13
4 54
4 73
4 74
4 88
5 17
5 23
5 29
5 36
5 63
5 92
6 12
6 13
6 21
6 23
6 48
6 61
6 68
6 71
6 78
6 80
6 96
7 19
7 20
7 30
7 61
7 71
7 88
8 13
8 61
8 62
9 49
9 56
9 82
9 89
9 90
10 37
10 41
10 51
10 57
10 73
10 84
10 90
10 93
11 12
11 31
11 47
11 57
11 75
11 87
12 34
12 42
12 43
12 46
12 58
12 67
12 69
12 96
13 22
13 28
13 39
13 55
13 64
13 80
13 97
14 51
14 52
14 54
14 84
14 87
14 97
15 55
15 57
15 58
16 18
16 22
16 60
16 61
16 66
16 67
16 79
16 87
17 30
17 71
17 76
17 97
18 28
18 43
18 48
18 73
18 83
18 84
18 91
19 41
19 65
19 74
19 79
19 90
19 92
20 40
20 46
20 82
20 84
20 98
21 22
21 39
21 40
21 42
21 49
21 52
21 59
21 60
21 71
22 24
22 41
22 43
22 55
22 59
22 68
22 85
22 93
23 34
23 54
23 61
23 86
23 88
24 32
24 40
24 47
24 63
24 72
24 77
24 78
25 35
25 63
25 65
25 78
25 89
25 95
25 98
26 34
26 45
26 47
26 52
26 54
27 43
27 50
27 65
27 69
27 72
27 84
27 99
28 38
28 55
28 58
28 59
28 72
28 92
29 30
29 43
29 44
29 64
29 89
29 91
30 41
30 46
30 52
30 55
30 58
30 70
31 38
31 66
31 72
31 79
31 82
31 83
31 94
31 95
31 99
32 57
32 69
32 86
32 88
33 37
33 47
33 51
33 56
33 75
34 54
34 56
34 73
34 86
34 94
34 97
35 37
35 40
35 61
35 63
35 72
35 73
35 85
35 90
36 41
36 43
36 51
36 78
36 91
36 93
37 59
37 86
37 89
38 44
38 51
38 63
38 67
38 76
38 86
39 44
39 56
39 72
39 91
40 42
40 47
40 49
40 57
40 60
40 80
41 45
41 46
41 53
41 57
41 63
41 70
41 75
41 77
42 53
42 56
42 63
42 72
42 78
42 91
42 93
43 46
43 49
43 52
43 54
43 59
43 67
43 69
43 74
44 58
44 59
44 66
44 80
44 82
44 89
44 91
45 84
45 89
45 93
46 71
46 81
46 86
46 99
47 55
47 63
47 71
47 92
48 52
48 86
48 92
49 51
49 52
49 61
49 62
49 80
49 81
49 83
49 85
49 86
49 97
49 99
50 54
50 57
50 58
50 59
50 62
50 67
50 81
50 87
51 53
51 62
51 73
52 56
52 60
52 70
52 92
53 83
53 95
54 59
54 77
55 64
55 65
55 68
55 73
55 89
56 69
56 84
57 83
57 96
58 66
58 69
58 71
59 61
60 83
61 62
61 71
61 72
61 80
61 94
63 68
63 80
63 83
63 84
63 90
64 73
64 79
64 82
65 78
65 85
65 97
66 84
66 91
67 90
67 94
68 77
68 84
69 70
69 73
70 88
70 91
70 93
71 74
71 81
71 91
72 77
72 86
73 90
73 92
73 94
74 86
74 90
74 96
75 77
75 82
75 84
76 78
76 89
76 90
77 78
77 87
77 90
78 85
78 94
78 99
79 83
80 81
80 93
81 99
82 85
82 92
82 95
82 99
83 86
85 98
86 94
87 88
89 95
89 99
90 98
91 98
92 96
93 96
96 99
