100 392 0.5
0 2
0 9
0 13
0 15
0 19
0 34
0 38
0 59
0 61
0 62
0 66
0 67
0 87
0 91
1 3
1 44
1 56
1 62
1 68
1 78
1 80
1 94
2 4
2 9
2 14
2 16
2 28
2 37
2 96
3 17
3 20
3 24
3 34
3 42
3 43
3 63
3 71
3 94
4 31
4 47
4 61
4 63
4 79
4 86
4 87
4 90
5 9
5 22
5 33
5 47
5 88
5 90
6 22
6 27
6 47
6 59
6 65
6 75
6 81
6 86
6 93
6 94
7 26
7 41
7 46
7 47
7 73
7 79
8 12
8 34
8 35
8 44
8 51
8 52
8 55
8 61
8 62
8 78
9 11
9 26
9 28
9 61
9 65
9 76
9 81
9 83
9 91
10 11
10 60
10 66
11 27
11 37
11 39
11 43
11 59
11 60
11 81
12 39
12 41
12 57
12 71
12 72
12 77
12 80
13 33
13 37
13 44
13 59
13 61
13 77
13 86
13 92
14 51
14 53
14 54
14 60
14 64
14 97
15 26
15 28
15 59
15 62
15 67
15 74
15 75
15 76
15 84
15 88
16 35
16 38
16 42
16 46
16 54
16 61
16 67
16 78
17 22
17 24
17 48
17 51
17 71
17 78
17 79
17 93
17 94
18 20
18 25
18 43
18 97
19 39
19 44
19 63
19 65
19 71
19 85
19 87
19 91
19 92
20 26
20 29
20 50
20 70
21 37
21 44
21 60
21 64
21 67
22 24
22 32
22 35
22 41
22 47
22 53
22 63
22 80
22 93
23 28
23 31
23 38
23 39
23 44
23 59
23 68
23 80
23 81
23 82
23 92
23 99
24 27
24 29
24 62
24 65
24 90
24 94
25 39
25 42
25 44
25 76
25 94
26 69
26 74
27 28
27 71
27 72
27 91
28 36
28 53
28 54
29 34
29 54
29 57
29 66
29 86
29 93
30 40
30 45
30 56
30 57
30 65
30 77
30 94
30 96
31 51
31 60
31 67
31 81
31 82
31 85
31 95
32 40
32 58
33 69
33 93
34 43
34 66
34 85
35 36
35 39
35 43
35 48
35 51
35 70
35 93
36 48
36 52
36 63
36 67
36 71
37 39
37 47
37 48
37 94
37 99
38 42
38 49
38 72
38 74
38 96
38 99
39 59
39 62
39 69
39 73
39 77
39 99
40 41
40 54
40 90
41 45
41 53
41 57
41 68
41 72
41 81
41 88
41 97
42 71
42 75
43 64
43 70
43 93
44 59
44 81
44 85
44 93
44 94
45 46
45 57
45 66
45 67
45 73
45 99
46 58
46 61
46 63
46 68
46 70
46 73
46 75
47 56
47 67
48 53
48 75
48 82
48 84
48 96
49 62
49 65
49 80
49 83
49 95
50 53
50 54
50 64
51 55
51 92
52 56
52 67
52 73
52 96
53 76
54 76
54 80
55 75
56 76
57 67
57 76
57 79
58 86
59 79
59 87
60 80
60 86
60 99
61 66
61 75
62 90
63 96
64 69
64 92
64 94
65 66
65 96
66 70
66 90
66 93
67 71
67 86
67 91
68 71
68 76
68 96
69 71
69 76
69 98
70 71
70 98
71 73
71 93
71 96
72 75
73 75
73 79
73 88
73 97
73 98
74 93
75 96
76 89
76 91
76 92
77 82
78 84
80 89
80 93
80 96
81 86
81 87
81 98
84 94
85 86
85 87
85 94
86 89
88 97
89 97
90 94
90 99
91 94
91 95
92 99
95 98
