100 226 0.2
0 28
0 35
0 43
0 93
1 64
1 66
1 90
1 99
2 3
2 51
2 63
2 88
3 7
3 97
4 24
4 33
4 79
4 94
5 20
5 34
5 74
6 37
6 42
6 49
6 52
6 91
7 78
7 99
8 47
8 52
8 77
9 23
9 39
9 56
9 60
9 75
9 88
10 30
10 34
10 94
11 16
11 21
11 96
12 17
12 32
12 64
13 19
13 34
13 58
13 66
13 72
14 38
14 41
14 78
14 82
15 48
15 61
15 62
16 75
16 97
17 52
17 82
17 83
17 96
18 33
18 37
18 38
18 74
18 75
19 57
19 59
19 98
20 42
20 67
20 96
20 97
21 41
21 44
21 55
21 76
21 99
22 81
23 29
23 63
23 71
23 82
23 86
24 77
25 42
25 54
25 56
25 84
25 87
26 57
26 77
27 51
27 65
27 75
27 77
28 54
28 88
29 34
29 76
29 91
29 98
30 38
31 58
31 86
32 75
32 83
33 42
33 51
33 70
33 88
34 43
34 46
34 58
34 80
35 39
35 50
35 53
35 63
35 94
36 56
36 68
36 78
36 93
37 66
37 78
37 91
37 94
38 63
38 69
38 73
38 88
39 58
39 76
39 84
39 96
40 68
40 93
41 50
41 54
41 75
41 95
42 46
42 80
42 91
42 96
42 98
43 65
44 92
45 90
46 58
46 79
47 77
47 95
48 55
48 57
48 62
48 85
48 87
49 68
49 93
50 53
50 56
50 76
51 59
51 65
51 66
51 73
51 77
51 84
52 80
53 67
53 79
54 73
54 82
54 84
54 93
54 95
54 97
57 69
57 72
57 79
58 60
58 63
59 95
61 64
61 68
61 69
62 83
62 95
63 99
64 80
64 82
64 95
65 69
65 92
66 74
68 69
68 73
68 82
68 89
69 71
69 76
69 85
69 92
71 96
72 93
73 80
74 79
74 87
74 91
74 94
75 78
75 86
79 99
80 82
80 92
83 94
83 95
83 97
84 90
87 92
94 96
