100 353 0.2
0 11
0 16
0 25
0 36
0 39
0 40
0 43
0 51
0 94
1 4
1 21
1 29
1 31
1 42
1 45
1 52
1 57
1 59
1 65
1 68
1 78
1 93
2 38
2 55
2 73
2 81
2 95
3 4
3 8
3 32
3 41
3 47
3 63
3 87
3 90
3 96
4 13
4 44
4 50
4 68
4 79
4 85
4 86
4 98
5 33
5 45
5 68
5 84
5 91
5 95
6 7
6 8
6 13
6 21
6 42
6 49
6 64
6 94
7 34
7 97
8 13
8 29
8 36
8 56
8 61
8 71
8 74
8 84
9 11
9 20
9 25
9 29
9 53
9 66
9 93
10 11
10 31
10 45
10 56
10 62
10 69
10 76
10 92
10 94
11 14
11 40
11 89
12 15
12 21
12 23
12 28
12 39
12 83
12 96
12 97
13 20
13 31
13 42
13 56
13 67
13 71
14 40
14 43
14 48
14 51
14 55
14 84
14 94
15 22
15 23
15 29
15 59
15 92
15 93
16 35
16 44
16 61
16 62
16 67
17 42
17 60
17 64
17 69
17 81
17 95
17 96
17 97
18 43
18 63
18 65
19 53
19 65
19 79
19 82
19 88
20 43
20 54
20 90
21 28
21 32
21 43
21 75
21 82
21 83
21 84
22 45
22 47
22 82
22 91
23 26
23 57
23 66
23 81
23 98
24 25
24 43
24 79
24 81
24 88
24 89
24 95
24 97
25 35
25 38
25 39
25 67
25 70
25 74
26 30
26 42
26 56
26 57
26 64
26 69
26 74
26 86
27 32
27 33
27 44
27 50
27 56
27 57
27 59
27 65
27 91
27 95
27 96
28 61
28 77
28 81
28 84
28 92
29 51
29 56
29 66
29 91
29 95
30 34
30 35
30 60
30 82
30 91
31 34
31 35
31 45
31 67
31 76
32 45
32 53
32 61
32 92
33 49
33 64
33 81
33 89
34 91
34 99
35 44
35 53
35 57
35 70
35 84
35 89
35 93
37 66
37 85
38 52
38 54
38 60
38 61
38 69
38 80
38 89
38 97
39 40
39 61
39 84
39 96
40 50
41 74
41 87
41 92
41 93
41 99
42 51
42 65
42 80
43 56
43 72
43 79
45 79
45 83
45 84
45 93
46 64
46 70
47 78
48 51
48 53
48 64
48 78
48 85
48 97
48 99
49 67
49 72
49 87
50 65
50 84
50 95
51 79
51 84
52 63
52 65
52 71
52 75
52 81
53 63
53 65
53 68
53 85
54 57
54 86
55 71
55 74
55 82
55 92
55 98
56 58
56 84
56 94
56 98
57 68
57 80
58 62
58 75
58 78
58 82
59 65
59 87
59 92
59 99
60 61
60 92
61 70
61 87
61 94
62 63
62 97
63 90
63 94
64 76
64 95
64 96
65 92
66 78
66 89
66 91
66 98
67 69
67 90
67 99
69 77
69 98
70 88
71 85
72 81
72 92
73 89
74 88
74 92
75 87
75 90
75 91
75 98
76 82
76 99
77 86
77 89
77 94
78 79
80 81
80 88
81 99
82 98
83 92
85 92
87 95
90 98
91 97
92 94
93 96
98 99
