100 301 0.2
0 45
0 61
0 70
0 71
0 92
1 5
1 13
1 24
1 36
1 43
1 46
1 57
1 64
1 66
1 74
2 27
2 60
2 67
2 89
2 99
3 34
3 90
4 6
4 44
4 56
4 89
4 94
5 21
5 24
5 46
5 51
5 53
6 11
6 25
6 28
6 46
6 57
6 81
6 91
7 25
7 32
7 37
7 43
7 46
7 63
7 69
7 72
7 82
7 87
7 88
7 98
8 28
8 29
8 54
8 59
8 86
8 88
8 91
8 95
9 33
9 49
9 92
9 95
10 15
10 47
10 49
10 63
10 67
11 36
11 60
11 90
11 98
12 39
12 42
12 44
12 46
12 84
12 85
13 17
13 32
13 42
13 55
13 84
13 85
14 15
14 21
14 50
14 54
14 62
14 78
14 79
14 81
14 99
15 17
15 20
15 33
15 56
15 82
15 91
15 99
16 26
16 88
17 26
17 28
17 38
17 46
17 56
17 58
18 21
18 27
18 39
18 40
18 50
18 72
18 76
18 88
18 95
19 55
19 60
19 71
19 89
19 96
20 29
20 34
20 35
20 44
20 80
20 86
21 64
21 72
21 76
21 97
22 26
22 64
22 83
22 93
23 27
23 32
23 68
23 78
24 35
24 72
24 99
25 32
25 57
25 84
25 98
26 44
26 74
26 91
26 97
27 70
27 79
27 98
28 41
28 65
29 52
29 88
30 39
30 42
31 37
31 52
31 54
31 60
31 79
31 88
32 37
32 43
32 61
32 71
32 93
33 41
33 48
33 53
33 64
33 80
33 98
34 38
34 99
35 38
35 59
35 87
36 43
37 51
37 53
37 84
37 90
38 49
38 56
39 40
39 71
39 75
39 86
39 93
40 57
41 82
42 45
42 65
42 72
42 76
43 56
43 84
43 91
43 98
44 59
44 80
44 82
44 89
45 65
45 92
46 76
46 88
47 61
47 78
47 81
47 85
48 53
48 67
48 73
49 54
49 72
50 52
50 54
50 80
51 58
51 86
52 68
52 95
53 70
53 71
54 61
54 97
55 80
55 94
56 66
56 77
57 96
58 70
58 85
58 92
59 71
59 78
59 84
59 95
59 97
60 81
60 89
60 97
61 64
61 78
61 98
62 75
62 91
62 92
62 97
63 77
63 81
63 82
63 85
63 87
63 90
63 95
64 65
64 94
65 78
65 80
65 99
66 67
66 70
66 73
66 75
66 88
67 78
68 96
69 76
69 79
69 85
70 74
70 78
72 84
73 96
74 84
76 92
77 90
77 95
78 79
78 87
80 82
80 95
80 97
83 84
83 88
85 87
86 94
87 89
87 91
87 95
88 98
88 99
89 99
92 99
