100 274 0.8
0 38
0 63
0 74
1 12
1 14
1 28
1 41
1 46
1 49
1 62
1 67
1 71
1 74
1 78
1 85
1 97
2 22
2 50
2 60
2 68
2 80
2 83
2 84
3 12
3 16
3 64
3 86
3 96
4 7
4 32
4 40
4 42
4 58
4 59
4 84
4 94
4 97
5 23
5 48
5 50
5 60
5 87
5 91
5 94
6 83
6 85
6 88
6 90
6 98
7 30
7 34
7 45
7 53
7 60
7 94
7 97
8 49
8 51
9 15
9 17
9 24
9 71
9 96
9 97
10 19
10 60
10 69
10 75
10 79
11 19
11 42
11 51
11 61
11 62
11 71
11 84
12 35
12 43
12 52
13 16
13 29
13 59
13 63
13 91
14 20
14 45
14 68
14 69
14 70
14 71
15 53
15 79
15 98
16 23
16 28
16 36
16 37
16 49
16 50
16 87
16 93
17 79
18 34
18 41
18 73
18 83
18 94
18 96
19 26
19 27
19 50
19 85
20 52
20 69
20 85
20 90
21 36
21 55
21 65
22 77
23 53
23 63
23 71
23 88
24 37
24 60
26 36
26 58
26 67
26 73
26 82
27 44
27 48
27 54
27 62
27 92
28 68
29 31
29 36
29 53
29 70
29 99
30 33
30 46
30 55
30 56
31 40
31 44
31 51
31 59
31 83
31 97
32 41
32 59
32 60
32 69
32 89
32 96
32 98
33 40
33 52
33 72
34 69
34 76
34 78
34 83
35 43
35 58
35 79
35 81
35 85
35 95
36 48
36 49
36 90
37 50
37 66
37 79
38 52
38 62
38 65
38 69
38 89
39 48
39 73
39 84
39 85
39 90
40 42
40 61
40 69
40 84
41 45
41 75
42 56
42 65
42 66
43 47
43 50
43 74
43 82
45 51
45 55
45 62
45 84
45 94
46 95
47 57
48 69
49 80
49 83
49 86
49 94
50 54
50 60
51 56
51 69
51 82
52 87
52 93
53 62
53 76
53 77
53 84
54 78
55 58
55 87
55 96
56 58
56 93
56 94
58 71
58 88
59 81
59 83
59 94
60 91
60 96
61 82
62 72
62 75
62 81
63 70
63 92
63 99
64 96
65 98
68 92
68 95
69 83
69 90
70 87
70 93
70 97
71 80
72 76
72 89
73 86
73 91
73 94
73 96
74 89
75 76
75 88
76 79
76 87
77 90
78 92
80 87
81 82
81 83
85 93
87 89
87 96
