200 1536 0.8
0 7
0 26
0 39
0 40
0 49
0 56
0 81
0 137
0 142
0 150
0 160
0 161
0 182
0 196
1 6
1 19
1 20
1 22
1 24
1 27
1 46
1 73
1 78
1 86
1 102
1 113
1 115
1 146
1 171
1 181
1 186
1 189
1 198
2 7
2 19
2 39
2 43
2 47
2 49
2 90
2 97
2 111
2 121
2 145
3 19
3 22
3 33
3 55
3 65
3 73
3 81
3 95
3 142
3 156
3 177
3 189
3 190
4 22
4 25
4 83
4 97
4 113
4 139
4 142
4 159
4 188
4 194
4 196
5 26
5 27
5 37
5 42
5 50
5 62
5 67
5 79
5 95
5 131
5 139
5 156
5 162
5 169
5 175
5 195
5 199
6 11
6 31
6 36
6 54
6 58
6 63
6 64
6 75
6 80
6 84
6 107
6 119
6 148
6 186
6 188
7 18
7 39
7 42
7 43
7 46
7 49
7 71
7 72
7 123
7 151
7 162
7 170
7 190
8 14
8 18
8 34
8 39
8 48
8 107
8 114
8 129
8 178
8 182
9 18
9 34
9 40
9 71
9 92
9 99
9 103
9 107
9 133
9 146
9 177
9 183
10 26
10 27
10 28
10 38
10 46
10 51
10 59
10 72
10 79
10 86
10 94
10 98
10 108
10 123
10 135
10 140
10 142
10 151
10 187
10 198
11 46
11 59
11 62
11 92
11 93
11 99
11 113
11 121
11 164
12 13
12 15
12 26
12 37
12 45
12 95
12 112
12 115
12 140
12 142
12 193
13 25
13 26
13 28
13 61
13 73
13 89
13 102
13 116
13 144
13 145
13 166
13 176
13 177
13 187
14 16
14 30
14 36
14 38
14 41
14 42
14 61
14 69
14 76
14 89
14 99
14 114
14 129
14 142
14 143
14 157
14 165
14 182
15 55
15 60
15 63
15 80
15 90
15 91
15 112
15 121
15 124
15 132
15 143
15 149
15 164
15 168
15 171
15 191
16 22
16 48
16 56
16 74
16 81
16 90
16 95
16 101
16 124
16 135
16 138
16 144
16 150
16 153
16 155
16 178
16 192
16 198
17 27
17 29
17 36
17 58
17 78
17 81
17 100
17 108
17 121
17 141
17 149
17 154
17 157
17 173
17 180
17 183
17 189
17 197
18 22
18 25
18 35
18 50
18 63
18 65
18 78
18 113
18 124
18 129
18 131
18 134
18 135
18 137
18 140
18 143
18 150
18 154
18 155
18 159
18 193
18 199
19 49
19 81
19 98
19 108
19 120
19 146
19 152
20 26
20 47
20 53
20 65
20 86
20 93
20 107
20 108
20 123
20 128
20 134
20 135
20 140
20 157
20 160
20 161
20 171
20 173
20 183
20 186
20 188
20 189
20 195
21 27
21 39
21 46
21 49
21 61
21 66
21 80
21 91
21 97
21 103
21 118
21 121
21 132
21 140
21 145
21 172
21 178
21 197
22 38
22 60
22 86
22 87
22 93
22 104
22 128
22 132
22 139
22 142
22 145
22 147
22 162
22 177
22 192
23 54
23 68
23 76
23 87
23 94
23 101
23 105
23 113
23 139
23 144
23 171
23 198
24 52
24 126
24 130
24 134
24 135
24 143
24 150
24 180
24 190
24 192
24 198
25 26
25 35
25 49
25 91
25 102
25 113
25 135
25 148
25 149
25 160
25 182
25 183
25 185
26 51
26 59
26 68
26 75
26 80
26 96
26 97
26 105
26 133
26 138
26 142
26 152
26 172
26 191
26 194
26 197
27 47
27 48
27 51
27 62
27 64
27 87
27 102
27 121
27 149
27 150
27 173
28 36
28 38
28 46
28 56
28 58
28 61
28 113
28 116
28 123
28 146
28 147
28 149
28 156
28 163
29 51
29 61
29 82
29 85
29 93
29 139
29 168
29 188
29 198
30 59
30 75
30 104
30 109
30 156
30 189
30 198
30 199
31 43
31 70
31 72
31 76
31 101
31 105
31 117
31 118
31 146
31 155
31 176
31 179
31 183
31 186
32 37
32 42
32 44
32 50
32 52
32 58
32 68
32 79
32 80
32 87
32 92
32 123
32 129
32 139
32 148
32 158
32 174
32 188
33 54
33 61
33 70
33 73
33 85
33 90
33 92
33 98
33 116
33 128
33 141
33 148
33 159
33 163
33 185
33 192
33 194
34 35
34 42
34 85
34 90
34 92
34 94
34 111
34 133
34 154
34 178
34 186
34 190
35 62
35 76
35 84
35 105
35 119
35 122
35 131
35 133
35 149
35 158
35 160
35 170
35 188
36 41
36 43
36 59
36 63
36 75
36 77
36 80
36 87
36 95
36 120
36 134
36 144
36 146
36 160
36 163
36 168
36 188
36 192
36 196
37 43
37 55
37 65
37 72
37 75
37 91
37 101
37 107
37 110
37 134
37 139
37 140
37 152
37 176
37 181
37 196
38 73
38 111
38 114
38 130
38 135
38 168
38 178
38 179
38 188
39 66
39 70
39 78
39 82
39 98
39 123
39 155
39 157
39 165
39 173
39 191
40 42
40 74
40 96
40 105
40 155
40 161
40 197
41 43
41 47
41 49
41 114
41 159
41 169
42 54
42 63
42 67
42 70
42 106
42 130
42 138
42 144
42 153
42 186
43 46
43 54
43 55
43 71
43 109
43 120
43 173
43 174
43 182
43 193
43 196
44 56
44 71
44 89
44 103
44 112
44 119
44 145
44 164
44 190
44 199
45 50
45 56
45 78
45 90
45 93
45 96
45 133
45 147
45 155
45 171
45 177
45 178
45 191
45 194
46 61
46 137
46 140
46 163
46 168
47 50
47 51
47 71
47 77
47 85
47 89
47 133
47 158
47 189
48 62
48 83
48 85
48 106
48 110
48 128
48 135
48 137
49 60
49 62
49 64
49 81
49 84
49 93
49 104
49 108
49 111
49 123
49 132
49 135
49 170
49 191
49 198
50 59
50 82
50 91
50 126
50 134
50 142
50 173
50 176
50 178
50 197
51 54
51 87
51 118
51 125
51 127
51 130
51 132
51 147
51 149
51 170
51 181
51 184
52 60
52 79
52 88
52 113
52 118
52 126
52 143
52 168
53 65
53 78
53 82
53 126
53 136
53 156
53 160
53 176
53 182
53 185
53 189
53 199
54 60
54 62
54 71
54 117
54 138
54 151
54 152
54 153
54 157
54 163
54 164
54 166
54 172
54 176
54 193
54 197
54 199
55 59
55 78
55 92
55 105
55 115
55 138
55 139
55 148
55 174
55 194
55 199
56 60
56 63
56 75
56 83
56 105
56 112
56 119
56 121
56 123
56 129
56 138
56 152
56 158
56 159
56 170
56 189
57 76
57 82
57 90
57 96
57 102
57 126
57 129
57 151
57 178
57 179
57 181
57 182
57 186
57 188
57 193
58 108
58 111
58 152
58 157
58 159
58 165
58 178
59 63
59 100
59 136
59 138
59 149
59 183
59 190
59 194
60 78
60 79
60 80
60 94
60 96
60 132
60 136
60 149
60 183
60 185
60 198
61 81
61 105
61 109
61 111
61 116
61 117
61 119
61 133
61 134
61 158
61 164
61 192
62 63
62 64
62 76
62 79
62 100
62 123
62 127
62 134
62 174
62 194
63 77
63 119
63 122
63 127
63 155
63 176
63 182
64 73
64 83
64 91
64 92
64 103
64 130
64 154
64 198
65 70
65 78
65 90
65 114
65 121
65 123
65 130
65 151
65 162
65 168
65 174
65 178
66 76
66 82
66 93
66 111
66 152
66 154
66 159
66 160
66 161
66 167
66 183
66 191
66 197
67 77
67 78
67 126
67 129
67 158
67 167
68 71
68 75
68 77
68 111
68 118
68 122
68 130
68 133
68 165
68 183
68 186
69 72
69 87
69 94
69 96
69 108
69 126
69 135
69 142
69 144
69 162
69 171
69 176
69 193
70 92
70 105
70 117
70 119
70 126
70 129
70 139
70 144
70 149
70 166
70 172
70 191
70 194
70 198
71 82
71 134
71 135
71 161
71 162
71 163
71 187
72 81
72 87
72 106
72 109
72 119
72 124
72 125
72 127
72 130
72 131
72 136
72 151
72 171
72 173
72 186
72 190
73 76
73 83
73 100
73 116
73 141
73 161
73 187
73 188
73 195
73 196
74 117
74 137
74 139
74 159
74 175
74 182
75 77
75 125
75 168
75 169
75 183
76 85
76 94
76 96
76 107
76 141
76 157
76 160
76 164
76 178
76 184
76 194
76 198
77 80
77 83
77 97
77 147
77 174
78 119
78 124
78 130
78 131
78 134
78 156
78 165
78 195
78 198
79 91
79 93
79 114
79 122
79 124
79 133
79 137
79 159
79 161
79 162
79 182
79 186
79 194
80 83
80 87
80 106
80 131
80 155
80 168
80 170
80 189
81 89
81 99
81 108
81 114
81 144
81 145
81 151
82 89
82 116
82 117
82 122
82 126
82 148
82 185
82 191
83 95
83 106
83 129
83 153
83 178
83 183
84 96
84 104
84 121
84 134
84 143
84 158
84 171
84 172
84 190
84 198
85 95
85 123
85 134
85 138
85 147
85 162
85 164
85 165
85 172
85 174
85 175
86 117
86 131
86 154
86 159
86 171
86 184
87 88
87 93
87 114
87 116
87 121
87 128
87 132
87 161
87 163
87 167
87 172
87 186
87 195
88 101
88 105
88 108
88 124
88 133
88 135
88 143
88 148
88 192
89 97
89 100
89 104
89 117
89 128
89 135
89 136
89 168
90 96
90 97
90 127
90 172
90 199
91 96
91 148
91 160
91 174
91 188
92 98
92 101
92 111
92 158
92 164
92 166
92 174
92 177
92 188
93 105
93 110
93 113
93 116
93 142
93 152
93 181
93 189
93 190
94 131
94 139
94 140
94 143
94 169
95 153
95 158
95 184
95 190
96 109
96 115
96 121
96 126
96 135
96 142
96 144
96 152
96 164
96 179
96 180
96 184
97 101
97 103
97 125
97 131
97 153
97 158
97 161
97 166
97 174
97 178
97 184
98 111
98 136
98 148
98 190
99 124
99 125
99 135
99 139
99 141
99 143
99 167
100 133
100 156
100 179
100 188
101 108
101 122
101 137
101 153
101 185
102 106
102 107
102 112
102 114
102 116
102 127
102 143
102 146
102 175
102 184
102 189
102 198
103 105
103 108
103 128
103 130
103 131
103 145
103 154
103 196
104 110
104 118
104 122
104 128
104 132
104 144
104 145
104 179
104 182
104 193
105 128
105 134
105 141
105 147
105 169
105 192
106 109
106 132
106 135
106 162
106 166
106 169
106 171
106 172
106 195
107 114
107 126
107 130
107 154
107 168
107 196
108 109
108 129
108 138
108 147
108 166
108 167
108 175
108 176
108 179
108 193
109 116
109 141
109 146
109 159
109 161
109 194
110 111
110 120
110 126
110 140
110 142
110 153
110 160
110 175
110 176
110 179
110 186
111 119
111 122
111 126
111 129
111 146
111 147
111 151
112 141
112 167
112 176
112 189
112 196
113 126
113 134
113 151
113 154
113 169
114 121
114 146
114 169
114 171
114 172
114 193
114 195
115 117
115 118
115 122
115 161
115 180
115 190
116 119
116 143
116 152
116 159
116 171
116 175
116 190
116 193
116 198
117 141
117 169
117 170
117 199
118 151
118 172
118 191
119 138
119 156
119 159
119 160
119 167
119 179
119 185
119 199
120 133
120 150
120 165
120 167
120 171
120 174
120 193
121 122
121 138
121 141
121 154
121 157
121 158
121 159
121 177
121 189
121 191
121 192
121 196
121 198
121 199
122 135
122 161
122 182
122 196
123 128
123 130
123 143
123 161
124 125
124 148
124 174
124 176
124 178
124 179
125 127
125 141
125 164
125 165
125 167
125 170
125 173
125 185
125 187
125 194
125 195
126 142
126 145
126 160
126 165
126 166
126 181
126 187
126 190
126 191
126 196
127 140
127 143
127 174
127 186
127 199
128 149
128 188
128 198
129 142
129 148
129 151
129 158
129 170
130 136
130 138
130 142
130 143
130 192
131 136
131 140
131 176
131 183
131 192
132 172
132 188
132 191
132 198
132 199
133 143
133 146
133 155
133 158
133 167
133 169
134 139
134 170
135 136
135 159
135 189
135 197
135 198
136 140
136 143
136 188
136 197
137 140
137 143
137 150
137 174
137 195
138 139
138 153
138 165
138 176
138 181
138 182
139 150
139 153
139 162
139 179
139 193
139 197
140 145
140 168
140 173
140 175
140 177
140 181
140 182
142 166
142 167
142 168
142 177
142 185
143 152
143 162
143 163
143 173
143 183
144 146
144 183
144 186
145 150
145 152
145 178
145 180
145 182
145 186
145 187
145 193
146 156
146 161
146 162
146 176
146 179
146 185
146 186
146 188
146 189
146 192
147 168
147 176
147 177
148 160
148 176
148 178
148 193
148 198
149 165
149 166
149 188
150 152
150 158
150 159
150 190
151 177
152 155
152 158
152 162
152 168
152 170
152 184
152 188
152 197
153 162
153 163
153 165
153 176
153 179
154 161
154 165
154 167
154 199
155 157
155 177
155 187
155 196
156 161
156 162
156 164
156 166
156 192
157 161
157 165
157 172
157 193
158 166
158 167
158 168
158 171
158 183
159 168
159 194
160 196
161 163
161 186
161 189
161 194
161 195
162 173
162 184
162 188
162 198
163 170
164 170
164 185
164 191
164 194
165 171
165 178
166 186
166 197
166 199
167 182
167 185
168 190
168 198
169 170
169 190
170 187
170 188
170 189
172 177
172 183
172 187
172 189
173 197
174 189
175 184
176 189
179 181
179 182
179 195
180 187
181 190
182 184
183 196
185 197
189 198
190 192
191 193
193 195
196 197
197 199
